0.0 2.07896453744e-05
1.00460550014e-06 2.04505266287e-05
2.00921100028e-06 2.02016033605e-05
3.01381650041e-06 2.01196382211e-05
4.01842200055e-06 2.01196382211e-05
5.02302750069e-06 2.02016033605e-05
6.02763300083e-06 2.02840703972e-05
7.03223850097e-06 2.05345241624e-05
8.03684400111e-06 2.07040792357e-05
9.04144950124e-06 2.09623766891e-05
1.00460550014e-05 2.13143606135e-05
1.10506605015e-05 2.16752849053e-05
1.20552660017e-05 2.19520284471e-05
1.30598715018e-05 2.23293410466e-05
1.40644770019e-05 2.2716465814e-05
1.50690825021e-05 2.30134545184e-05
1.60736880022e-05 2.34185854775e-05
1.70782935023e-05 2.3729495658e-05
1.80828990025e-05 2.41537670428e-05
1.90875045026e-05 2.44794825774e-05
2.00921100028e-05 2.48118312622e-05
2.10967155029e-05 2.51509944382e-05
2.2101321003e-05 2.54971596864e-05
2.31059265032e-05 2.58505210866e-05
2.41105320033e-05 2.62112794897e-05
2.51151375035e-05 2.65796428035e-05
2.61197430036e-05 2.69558262918e-05
2.71243485037e-05 2.7211069591e-05
2.81289540039e-05 2.7600786051e-05
2.9133559504e-05 2.78652668663e-05
3.01381650041e-05 2.81335675034e-05
3.11427705043e-05 2.85433428013e-05
3.21473760044e-05 2.88215203101e-05
3.31519815046e-05 2.91037843145e-05
3.41565870047e-05 2.93902152503e-05
3.51611925048e-05 2.96808955423e-05
3.6165798005e-05 2.99759096632e-05
3.71704035051e-05 3.02753441955e-05
3.81750090052e-05 3.04267467653e-05
3.91796145054e-05 3.07329790281e-05
4.01842200055e-05 3.10438578098e-05
4.11888255057e-05 3.13594775914e-05
4.21934310058e-05 3.15190955405e-05
4.31980365059e-05 3.18420092741e-05
4.42026420061e-05 3.20053302213e-05
4.52072475062e-05 3.23357644002e-05
4.62118530064e-05 3.25029037788e-05
4.72164585065e-05 3.28410937564e-05
4.82210640066e-05 3.30121715332e-05
4.92256695068e-05 3.33583619422e-05
