0.0 1.05168567596e-07
5.18521851009e-09 1.03026397022e-07
1.03704370202e-08 1.01359435527e-07
1.55556555303e-08 1.00949016606e-07
2.07408740404e-08 1.00541085415e-07
2.59260925505e-08 1.00949016606e-07
3.11113110605e-08 1.01772362448e-07
3.62965295706e-08 1.02605822404e-07
4.14817480807e-08 1.03875341103e-07
4.66669665908e-08 1.05168567596e-07
5.18521851009e-08 1.06930777737e-07
5.7037403611e-08 1.08737653354e-07
6.22226221211e-08 1.10590716772e-07
6.74078406312e-08 1.12011777649e-07
7.25930591413e-08 1.13949531474e-07
7.77782776514e-08 1.15938007129e-07
8.29634961614e-08 1.174637214e-07
8.81487146715e-08 1.19545304881e-07
9.33339331816e-08 1.21143019762e-07
9.85191516917e-08 1.233236159e-07
1.03704370202e-07 1.24997934032e-07
1.08889588712e-07 1.26706582453e-07
1.14074807222e-07 1.29039821045e-07
1.19260025732e-07 1.30832305265e-07
1.24445244242e-07 1.32662399483e-07
1.29630462752e-07 1.33903878462e-07
1.34815681262e-07 1.35799029141e-07
1.40000899772e-07 1.37734699684e-07
1.45186118283e-07 1.39048230564e-07
1.50371336793e-07 1.40380641507e-07
1.55556555303e-07 1.42415455753e-07
1.60741773813e-07 1.43796676789e-07
1.65926992323e-07 1.45198089427e-07
1.71112210833e-07 1.47338935429e-07
1.76297429343e-07 1.48792578714e-07
1.81482647853e-07 1.49527480814e-07
1.86667866363e-07 1.51013713541e-07
1.91853084873e-07 1.52522215574e-07
1.97038303383e-07 1.5405343405e-07
2.02223521894e-07 1.55607827382e-07
2.07408740404e-07 1.56393861042e-07
2.12593958914e-07 1.57983901706e-07
2.17779177424e-07 1.59598314889e-07
2.22964395934e-07 1.60414817135e-07
2.28149614444e-07 1.62066731883e-07
2.33334832954e-07 1.63744295191e-07
2.38520051464e-07 1.64592861308e-07
2.43705269974e-07 1.66309902561e-07
2.48890488484e-07 1.671785164e-07
2.54075706994e-07 1.68053953028e-07
