4.92256695068e-05 3.33208603596e-05
5.8267119008e-05 3.52306080283e-05
6.73085685093e-05 3.68791528235e-05
7.63500180105e-05 3.81926992197e-05
8.53914675117e-05 3.95776941336e-05
9.4432917013e-05 4.07902280814e-05
0.000103474366514 4.15446879025e-05
0.000112515816015 4.25836352147e-05
0.000121557265517 4.31177850065e-05
0.000130598715018 4.4216682319e-05
0.000139640164519 4.44979707643e-05
0.00014868161402 4.50686603116e-05
0.000157723063522 4.53581309258e-05
0.000166764513023 4.5945501833e-05
0.000175805962524 4.5945501833e-05
0.000184847412025 4.65443564062e-05
0.000193888861527 4.68481838455e-05
0.000202930311028 4.65443564062e-05
0.000211971760529 4.68481838455e-05
0.00022101321003 4.71549959638e-05
0.000230054659532 4.71549959638e-05
0.000239096109033 4.68481838455e-05
0.000248137558534 4.68481838455e-05
0.000257179008035 4.68481838455e-05
0.000266220457537 4.68481838455e-05
0.000275261907038 4.68481838455e-05
0.000284303356539 4.65443564062e-05
0.00029334480604 4.65443564062e-05
0.000302386255542 4.62434750576e-05
0.000311427705043 4.62434750576e-05
0.000320469154544 4.5945501833e-05
0.000329510604045 4.56503993755e-05
0.000338552053547 4.5945501833e-05
0.000347593503048 4.56503993755e-05
0.000356634952549 4.53581309258e-05
0.00036567640205 4.50686603116e-05
0.000374717851552 4.44979707643e-05
0.000383759301053 4.47819519354e-05
0.000392800750554 4.4216682319e-05
0.000401842200055 4.39380526633e-05
0.000410883649557 4.39380526633e-05
0.000419925099058 4.36620483939e-05
0.000428966548559 4.31177850065e-05
0.00043800799806 4.31177850065e-05
0.000447049447561 4.25836352147e-05
0.000456090897063 4.25836352147e-05
0.000465132346564 4.20593499851e-05
0.000474173796065 4.20593499851e-05
0.000483215245566 4.15446879025e-05
0.000492256695068 4.15446879025e-05
