2.54075706994e-07 1.69064945986e-07
3.00742673585e-07 1.78983440472e-07
3.47409640176e-07 1.87313972103e-07
3.94076606767e-07 1.94926211153e-07
4.40743573358e-07 2.02319222259e-07
4.87410539949e-07 2.07963359508e-07
5.34077506539e-07 2.13847017122e-07
5.8074447313e-07 2.16117914813e-07
6.27411439721e-07 2.19983942038e-07
6.74078406312e-07 2.23954640962e-07
7.20745372903e-07 2.29696761003e-07
7.67412339493e-07 2.32225481123e-07
8.14079306084e-07 2.34796190093e-07
8.60746272675e-07 2.3653378377e-07
9.07413239266e-07 2.38290737482e-07
9.54080205857e-07 2.39176564354e-07
1.00074717245e-06 2.4006733991e-07
1.04741413904e-06 2.43680672763e-07
1.09408110563e-06 2.43680672763e-07
1.14074807222e-06 2.43680672763e-07
1.18741503881e-06 2.46444478022e-07
1.2340820054e-06 2.45518008044e-07
1.28074897199e-06 2.45518008044e-07
1.32741593858e-06 2.47376202007e-07
1.37408290517e-06 2.46444478022e-07
1.42074987176e-06 2.47376202007e-07
1.46741683836e-06 2.46444478022e-07
1.51408380495e-06 2.44596752644e-07
1.56075077154e-06 2.46444478022e-07
1.60741773813e-06 2.47376202007e-07
1.65408470472e-06 2.45518008044e-07
1.70075167131e-06 2.45518008044e-07
1.7474186379e-06 2.43680672763e-07
1.79408560449e-06 2.44596752644e-07
1.84075257108e-06 2.41863885135e-07
1.88741953767e-06 2.41863885135e-07
1.93408650426e-06 2.42769729704e-07
1.98075347085e-06 2.4006733991e-07
2.02742043745e-06 2.4006733991e-07
2.07408740404e-06 2.4006733991e-07
2.12075437063e-06 2.4006733991e-07
2.16742133722e-06 2.3653378377e-07
2.21408830381e-06 2.3653378377e-07
2.2607552704e-06 2.3653378377e-07
2.30742223699e-06 2.35662584762e-07
2.35408920358e-06 2.33077673051e-07
2.40075617017e-06 2.32225481123e-07
2.44742313676e-06 2.31377954414e-07
2.49409010335e-06 2.31377954414e-07
2.54075706994e-06 2.30535058935e-07
