2.54075706994e-06 2.2701003412e-07
3.12665998688e-06 1.9465118089e-07
3.71256290382e-06 1.31733582642e-07
4.29846582076e-06 8.7792546243e-08
4.8843687377e-06 6.40700335167e-08
5.47027165464e-06 4.14706510338e-08
6.05617457158e-06 2.95746460311e-08
6.64207748852e-06 1.85315566195e-08
7.22798040546e-06 1.28804111808e-08
7.8138833224e-06 8.84649299544e-09
8.39978623934e-06 5.25683810315e-09
8.98568915628e-06 3.50309035354e-09
9.57159207322e-06 2.30180594274e-09
1.01574949902e-05 1.49023065369e-09
1.07433979071e-05 9.49859287394e-10
1.1329300824e-05 5.95544609514e-10
1.1915203741e-05 3.66960337362e-10
1.25011066579e-05 2.21995414599e-10
1.30870095749e-05 1.31712177716e-10
1.36729124918e-05 7.65535580387e-11
1.42588154087e-05 4.35334043863e-11
1.48447183257e-05 2.95012069497e-11
1.54306212426e-05 1.61276655452e-11
1.60165241596e-05 8.59314588504e-12
1.66024270765e-05 4.45507675137e-12
1.71883299934e-05 2.82924569947e-12
1.77742329104e-05 1.39567492025e-12
1.83601358273e-05 6.6641797681e-13
1.89460387443e-05 3.99364061412e-13
1.95319416612e-05 1.79668638897e-13
2.01178445781e-05 1.03232346243e-13
2.07037474951e-05 4.34314951133e-14
2.1289650412e-05 2.37968551655e-14
2.1875553329e-05 9.28044546783e-15
2.24614562459e-05 4.81819193548e-15
2.30473591628e-05 1.72372278136e-15
2.36332620798e-05 8.4157534755e-16
2.42191649967e-05 2.72781707077e-16
2.48050679137e-05 1.24112036429e-16
2.53909708306e-05 3.59080590034e-17
2.59768737475e-05 1.50595539142e-17
2.65627766645e-05 6.09154381112e-18
2.71486795814e-05 1.45693419931e-18
2.77345824984e-05 5.32745656238e-19
2.83204854153e-05 1.8620398247e-19
2.89063883322e-05 3.51101901666e-20
2.94922912492e-05 1.08064734784e-20
3.00781941661e-05 3.14056069588e-21
3.06640970831e-05 8.5809615108e-22
3.125e-05 1.08026240932e-22
