0.000492256695068 4.20801589138e-05
0.00054598615027 3.56670026993e-05
0.000599715605473 2.92202990176e-05
0.000653445060676 2.38106387725e-05
0.000707174515878 1.92943571797e-05
0.000760903971081 1.55439611254e-05
0.000814633426284 1.24468311105e-05
0.000868362881487 9.90396575369e-06
0.000922092336689 7.82877364785e-06
0.000975821791892 6.14591686386e-06
0.00102955124709 4.79020985641e-06
0.0010832807023 3.70557694105e-06
0.0011370101575 2.84407089698e-06
0.0011907396127 2.16495460992e-06
0.00124446906791 1.63384701476e-06
0.00129819852311 1.22193393899e-06
0.00135192797831 9.05243795405e-07
0.00140565743351 6.63987437756e-07
0.00145938688872 5.36924604605e-07
0.00151311634392 3.86908292009e-07
0.00156684579912 2.75652295622e-07
0.00162057525432 1.94049324831e-07
0.00167430470953 1.34889723436e-07
0.00172803416473 9.25252976634e-08
0.00178176361993 7.14072082117e-08
0.00183549307514 4.78244782219e-08
0.00188922253034 3.15394410647e-08
0.00194295198554 2.04624869578e-08
0.00199668144074 1.51894270111e-08
0.00205041089595 9.56860628441e-09
0.00210414035115 5.91343711775e-09
0.00215786980635 4.24250171847e-09
0.00221159926155 2.53255028935e-09
0.00226532871676 1.47797389356e-09
0.00231905817196 1.01848715685e-09
0.00237278762716 5.7040939326e-10
0.00242651708236 3.81834515737e-10
0.00248024653757 2.04219747189e-10
0.00253397599277 1.05961602641e-10
0.00258770544797 6.72022931094e-11
0.00264143490318 3.29801271753e-11
0.00269516435838 2.01067662019e-11
0.00274889381358 9.26431707081e-12
0.00280262326878 5.400415926e-12
0.00285635272399 2.31574519088e-12
0.00291008217919 1.28249514052e-12
0.00296381163439 5.06477515234e-13
0.00301754108959 2.64454581745e-13
0.0030712705448 9.49761871685e-14
0.003125 4.63243365074e-14
