0.0 1.99461952549e-05
5.02302750069e-07 2.00716429609e-05
1.00460550014e-06 2.03225383729e-05
1.50690825021e-06 2.03225383729e-05
2.00921100028e-06 2.05734337849e-05
2.51151375035e-06 2.05734337849e-05
3.01381650041e-06 2.06988814909e-05
3.51611925048e-06 2.06988814909e-05
4.01842200055e-06 2.08243291969e-05
4.52072475062e-06 2.08243291969e-05
5.02302750069e-06 2.06988814909e-05
5.52533025076e-06 2.08243291969e-05
6.02763300083e-06 2.08243291969e-05
6.5299357509e-06 2.05734337849e-05
7.03223850097e-06 2.05734337849e-05
7.53454125104e-06 2.05734337849e-05
8.03684400111e-06 2.05734337849e-05
8.53914675117e-06 2.03225383729e-05
9.04144950124e-06 2.01970906669e-05
9.54375225131e-06 2.00716429609e-05
1.00460550014e-05 1.99461952549e-05
1.05483577515e-05 1.98207475489e-05
1.10506605015e-05 1.95698521369e-05
1.15529632516e-05 1.91935090189e-05
1.20552660017e-05 1.90680613128e-05
1.25575687517e-05 1.88171659008e-05
1.30598715018e-05 1.85662704888e-05
1.35621742519e-05 1.83153750768e-05
1.40644770019e-05 1.80644796648e-05
1.4566779752e-05 1.76881365468e-05
1.50690825021e-05 1.73117934288e-05
1.55713852521e-05 1.69354503108e-05
1.60736880022e-05 1.65591071927e-05
1.65759907523e-05 1.61827640747e-05
1.70782935023e-05 1.56809732507e-05
1.75805962524e-05 1.49282870147e-05
1.80828990025e-05 1.44264961906e-05
1.85852017526e-05 1.39247053666e-05
1.90875045026e-05 1.32974668366e-05
1.95898072527e-05 1.25447806006e-05
2.00921100028e-05 1.17920943645e-05
2.05944127528e-05 1.10394081285e-05
2.10967155029e-05 1.00358264804e-05
2.1599018253e-05 9.40858795042e-06
2.2101321003e-05 8.15411089036e-06
2.26036237531e-05 6.7741861243e-06
2.31059265032e-05 4.89247053422e-06
2.36082292532e-05 1.25448706006e-06
2.41105320033e-05 1e-11
2.46128347534e-05 1e-11
