0.0 1.04279267996e-07
2.59260925505e-09 1.04911202954e-07
5.18521851009e-09 1.06175072869e-07
7.77782776514e-09 1.06807007826e-07
1.03704370202e-08 1.07438942784e-07
1.29630462752e-08 1.08070877741e-07
1.55556555303e-08 1.08070877741e-07
1.81482647853e-08 1.08702812699e-07
2.07408740404e-08 1.08702812699e-07
2.33334832954e-08 1.09966682614e-07
2.59260925505e-08 1.09966682614e-07
2.85187018055e-08 1.09966682614e-07
3.11113110605e-08 1.09334747656e-07
3.37039203156e-08 1.09334747656e-07
3.62965295706e-08 1.08702812699e-07
3.88891388257e-08 1.08070877741e-07
4.14817480807e-08 1.08702812699e-07
4.40743573358e-08 1.08070877741e-07
4.66669665908e-08 1.07438942784e-07
4.92595758459e-08 1.06807007826e-07
5.18521851009e-08 1.05543137911e-07
5.4444794356e-08 1.05543137911e-07
5.7037403611e-08 1.04279267996e-07
5.9630012866e-08 1.03015398081e-07
6.22226221211e-08 1.01751528166e-07
6.48152313761e-08 1.01751528166e-07
6.74078406312e-08 9.98557232931e-08
7.00004498862e-08 9.8591853378e-08
7.25930591413e-08 9.66960485053e-08
7.51856683963e-08 9.60641135478e-08
7.77782776514e-08 9.41683086751e-08
8.03708869064e-08 9.16405688449e-08
8.29634961614e-08 8.91128290147e-08
8.55561054165e-08 8.84808940572e-08
8.81487146715e-08 8.5953154227e-08
9.07413239266e-08 8.27934794392e-08
9.33339331816e-08 8.15296095241e-08
9.59265424367e-08 7.83699347364e-08
9.85191516917e-08 7.4578324991e-08
1.01111760947e-07 7.33144550759e-08
1.03704370202e-07 6.88909103731e-08
1.06296979457e-07 6.44673656702e-08
1.08889588712e-07 6.193962584e-08
1.11482197967e-07 5.68841461796e-08
1.14074807222e-07 5.11967315617e-08
1.16667416477e-07 4.74051218163e-08
1.19260025732e-07 3.98219023257e-08
1.21852634987e-07 3.47664226653e-08
1.24445244242e-07 2.27596584718e-08
1.27037853497e-07 1e-11
