0.0 0.00344688482889
5.18521851009e-09 0.00345103736865
1.03704370202e-08 0.0034551899084
1.55556555303e-08 0.00345934244815
2.07408740404e-08 0.00346280289794
2.59260925505e-08 0.00346626334773
3.11113110605e-08 0.00346903170756
3.62965295706e-08 0.00347110797744
4.14817480807e-08 0.00347318424731
4.66669665908e-08 0.00347526051719
5.18521851009e-08 0.00347664469711
5.7037403611e-08 0.00347802887702
6.22226221211e-08 0.00347941305694
6.74078406312e-08 0.0034801051469
7.25930591413e-08 0.00348148932682
7.77782776514e-08 0.00348218141677
8.29634961614e-08 0.00348218141677
8.81487146715e-08 0.00348287350673
9.33339331816e-08 0.00348287350673
9.85191516917e-08 0.00348356559669
1.03704370202e-07 0.00348356559669
1.08889588712e-07 0.00348356559669
1.14074807222e-07 0.00348356559669
1.19260025732e-07 0.00348356559669
1.24445244242e-07 0.00348356559669
1.29630462752e-07 0.00348287350673
1.34815681262e-07 0.00348287350673
1.40000899772e-07 0.00348287350673
1.45186118283e-07 0.00348218141677
1.50371336793e-07 0.00348148932682
1.55556555303e-07 0.00348148932682
1.60741773813e-07 0.00348079723686
1.65926992323e-07 0.0034801051469
1.71112210833e-07 0.0034801051469
1.76297429343e-07 0.00347941305694
1.81482647853e-07 0.00347872096698
1.86667866363e-07 0.00347802887702
1.91853084873e-07 0.00347733678707
1.97038303383e-07 0.00347664469711
2.02223521894e-07 0.00347595260715
2.07408740404e-07 0.00347526051719
2.12593958914e-07 0.00347456842723
2.17779177424e-07 0.00347387633727
2.22964395934e-07 0.00347318424731
2.28149614444e-07 0.00347249215736
2.33334832954e-07 0.0034718000674
2.38520051464e-07 0.00347110797744
2.43705269974e-07 0.00347041588748
2.48890488484e-07 0.00346972379752
2.54075706994e-07 0.00346903170756
