0.0 0.0485629169041
1.00460550014e-06 0.048650674163
2.00921100028e-06 0.0487384314219
3.01381650041e-06 0.0488164378742
4.01842200055e-06 0.0488944443265
5.02302750069e-06 0.0489626999723
6.02763300083e-06 0.049011454005
7.03223850097e-06 0.0490699588443
8.03684400111e-06 0.0491089620705
9.04144950124e-06 0.0491479652966
1.00460550014e-05 0.0491869685228
1.10506605015e-05 0.0492162209424
1.20552660017e-05 0.0492357225555
1.30598715018e-05 0.0492649749751
1.40644770019e-05 0.0492844765882
1.50690825021e-05 0.0492942273948
1.60736880022e-05 0.0493039782013
1.70782935023e-05 0.0493137290079
1.80828990025e-05 0.0493234798144
1.90875045026e-05 0.0493332306209
2.00921100028e-05 0.0493332306209
2.10967155029e-05 0.0493332306209
2.2101321003e-05 0.0493332306209
2.31059265032e-05 0.0493332306209
2.41105320033e-05 0.0493332306209
2.51151375035e-05 0.0493332306209
2.61197430036e-05 0.0493234798144
2.71243485037e-05 0.0493234798144
2.81289540039e-05 0.0493137290079
2.9133559504e-05 0.0493039782013
3.01381650041e-05 0.0492942273948
3.11427705043e-05 0.0492942273948
3.21473760044e-05 0.0492844765882
3.31519815046e-05 0.0492747257817
3.41565870047e-05 0.0492552241686
3.51611925048e-05 0.0492454733621
3.6165798005e-05 0.0492357225555
3.71704035051e-05 0.049225971749
3.81750090052e-05 0.0492064701359
3.91796145054e-05 0.0491967193293
4.01842200055e-05 0.0491869685228
4.11888255057e-05 0.0491674669097
4.21934310058e-05 0.0491577161032
4.31980365059e-05 0.0491382144901
4.42026420061e-05 0.0491284636835
4.52072475062e-05 0.0491089620705
4.62118530064e-05 0.0490992112639
4.72164585065e-05 0.0490797096508
4.82210640066e-05 0.0490602080378
4.92256695068e-05 0.0490504572312
