4.92256695068e-05 0.0490504572312
5.8267119008e-05 0.0489217465848
6.73085685093e-05 0.0487286806153
7.63500180105e-05 0.0485356146458
8.53914675117e-05 0.0484069039994
9.4432917013e-05 0.0482138380299
0.000103474366514 0.0480207720603
0.000112515816015 0.047892061414
0.000121557265517 0.0476989954444
0.000130598715018 0.0475702847981
0.000139640164519 0.0473772188285
0.00014868161402 0.0472485081822
0.000157723063522 0.0470554422126
0.000166764513023 0.0469267315663
0.000175805962524 0.0467336655967
0.000184847412025 0.0466049549504
0.000193888861527 0.046476244304
0.000202930311028 0.0462831783345
0.000211971760529 0.0461544676881
0.00022101321003 0.0460257570417
0.000230054659532 0.0458970463954
0.000239096109033 0.0457039804258
0.000248137558534 0.0455752697795
0.000257179008035 0.0454465591331
0.000266220457537 0.0453178484868
0.000275261907038 0.0451891378404
0.000284303356539 0.045060427194
0.00029334480604 0.0449317165477
0.000302386255542 0.0448030059013
0.000311427705043 0.044674295255
0.000320469154544 0.0445455846086
0.000329510604045 0.0444168739622
0.000338552053547 0.0443525186391
0.000347593503048 0.0442238079927
0.000356634952549 0.0440950973463
0.00036567640205 0.0439663867
0.000374717851552 0.0438376760536
0.000383759301053 0.0437733207304
0.000392800750554 0.0436446100841
0.000401842200055 0.0435158994377
0.000410883649557 0.0434515441145
0.000419925099058 0.0433228334682
0.000428966548559 0.0431941228218
0.00043800799806 0.0431297674986
0.000447049447561 0.0430010568523
0.000456090897063 0.0429367015291
0.000465132346564 0.0428079908827
0.000474173796065 0.0427436355595
0.000483215245566 0.0426149249132
0.000492256695068 0.04255056959
