2.54075706994e-07 0.00347033589718
3.00742673585e-07 0.00346236886363
3.47409640176e-07 0.00345440183008
3.94076606767e-07 0.00344643479653
4.40743573358e-07 0.00343846776298
4.87410539949e-07 0.00343050072943
5.34077506539e-07 0.00342253369588
5.8074447313e-07 0.00341058314555
6.27411439721e-07 0.003402616112
6.74078406312e-07 0.00339464907845
7.20745372903e-07 0.00339066556167
7.67412339493e-07 0.00338269852812
8.14079306084e-07 0.00337473149457
8.60746272675e-07 0.00336676446102
9.07413239266e-07 0.00335879742746
9.54080205857e-07 0.00335083039391
1.00074717245e-06 0.00334286336036
1.04741413904e-06 0.00333887984359
1.09408110563e-06 0.00333091281003
1.14074807222e-06 0.00332294577648
1.18741503881e-06 0.00331896225971
1.2340820054e-06 0.00331099522616
1.28074897199e-06 0.0033030281926
1.32741593858e-06 0.00329904467583
1.37408290517e-06 0.00329107764228
1.42074987176e-06 0.0032870941255
1.46741683836e-06 0.00327912709195
1.51408380495e-06 0.0032711600584
1.56075077154e-06 0.00326717654162
1.60741773813e-06 0.00326319302485
1.65408470472e-06 0.00325522599129
1.70075167131e-06 0.00325124247452
1.7474186379e-06 0.00324327544097
1.79408560449e-06 0.00323929192419
1.84075257108e-06 0.00323132489064
1.88741953767e-06 0.00322734137386
1.93408650426e-06 0.00322335785709
1.98075347085e-06 0.00321539082354
2.02742043745e-06 0.00321140730676
2.07408740404e-06 0.00320742378999
2.12075437063e-06 0.00320344027321
2.16742133722e-06 0.00319547323966
2.21408830381e-06 0.00319148972288
2.2607552704e-06 0.00318750620611
2.30742223699e-06 0.00318352268933
2.35408920358e-06 0.00317555565578
2.40075617017e-06 0.003171572139
2.44742313676e-06 0.00316758862223
2.49409010335e-06 0.00316360510545
2.54075706994e-06 0.00315962158868
