0.000492256695068 0.0426050467092
0.00054598615027 0.0418730012331
0.000599715605473 0.041323967126
0.000653445060676 0.0407749330189
0.000707174515878 0.0402258989118
0.000760903971081 0.0396768648048
0.000814633426284 0.0391278306977
0.000868362881487 0.0385787965906
0.000922092336689 0.0380297624835
0.000975821791892 0.0374807283765
0.00102955124709 0.0369316942694
0.0010832807023 0.0363826601623
0.0011370101575 0.0358336260552
0.0011907396127 0.0352845919481
0.00124446906791 0.0347355578411
0.00129819852311 0.034186523734
0.00135192797831 0.0336374896269
0.00140565743351 0.0330884555198
0.00145938688872 0.0327224327818
0.00151311634392 0.0321733986747
0.00156684579912 0.0316243645676
0.00162057525432 0.0310753304606
0.00167430470953 0.0305262963535
0.00172803416473 0.0299772622464
0.00178176361993 0.0296112395083
0.00183549307514 0.0290622054013
0.00188922253034 0.0285131712942
0.00194295198554 0.0279641371871
0.00199668144074 0.0275981144491
0.00205041089595 0.027049080342
0.00210414035115 0.0265000462349
0.00215786980635 0.0261340234969
0.00221159926155 0.0255849893898
0.00226532871676 0.0250359552827
0.00231905817196 0.0246699325447
0.00237278762716 0.0241208984376
0.00242651708236 0.0237548756995
0.00248024653757 0.0232058415925
0.00253397599277 0.0226568074854
0.00258770544797 0.0222907847473
0.00264143490318 0.0217417506402
0.00269516435838 0.0213757279022
0.00274889381358 0.0208266937951
0.00280262326878 0.0204606710571
0.00285635272399 0.01991163695
0.00291008217919 0.0195456142119
0.00296381163439 0.0189965801049
0.00301754108959 0.0186305573668
0.0030712705448 0.0180815232597
0.003125 0.0177155005217
