2.54075706994e-06 0.00315217414427
3.12665998688e-06 0.00310800906697
3.71256290382e-06 0.00304912229725
4.29846582076e-06 0.00299023552752
4.8843687377e-06 0.00294607045022
5.47027165464e-06 0.00288718368049
6.05617457158e-06 0.0028430186032
6.64207748852e-06 0.00278413183347
7.22798040546e-06 0.00273996675617
7.8138833224e-06 0.00269580167888
8.39978623934e-06 0.00263691490915
8.98568915628e-06 0.00259274983185
9.57159207322e-06 0.00254858475456
1.01574949902e-05 0.00250441967726
1.07433979071e-05 0.00246025459997
1.1329300824e-05 0.00241608952267
1.1915203741e-05 0.00237192444537
1.25011066579e-05 0.00232775936808
1.30870095749e-05 0.00228359429078
1.36729124918e-05 0.00223942921348
1.42588154087e-05 0.00219526413619
1.48447183257e-05 0.00216582075132
1.54306212426e-05 0.00212165567403
1.60165241596e-05 0.00207749059673
1.66024270765e-05 0.00203332551944
1.71883299934e-05 0.00200388213457
1.77742329104e-05 0.00195971705728
1.83601358273e-05 0.00191555197998
1.89460387443e-05 0.00188610859512
1.95319416612e-05 0.00184194351782
2.01178445781e-05 0.00181250013296
2.07037474951e-05 0.00176833505566
2.1289650412e-05 0.0017388916708
2.1875553329e-05 0.0016947265935
2.24614562459e-05 0.00166528320864
2.30473591628e-05 0.00162111813134
2.36332620798e-05 0.00159167474648
2.42191649967e-05 0.00154750966918
2.48050679137e-05 0.00151806628431
2.53909708306e-05 0.00147390120702
2.59768737475e-05 0.00144445782215
2.65627766645e-05 0.00141501443729
2.71486795814e-05 0.00137084935999
2.77345824984e-05 0.00134140597513
2.83204854153e-05 0.00131196259027
2.89063883322e-05 0.00126779751297
2.94922912492e-05 0.00123835412811
3.00781941661e-05 0.00120891074324
3.06640970831e-05 0.00117946735838
3.125e-05 0.00113530228108
