0.0 0.0484123618334
5.02302750069e-07 0.0483471819454
1.00460550014e-06 0.0483145920014
1.50690825021e-06 0.0482494121133
2.00921100028e-06 0.0482168221693
2.51151375035e-06 0.0481516422813
3.01381650041e-06 0.0481190523373
3.51611925048e-06 0.0480538724492
4.01842200055e-06 0.0480212825052
4.52072475062e-06 0.0479886925612
5.02302750069e-06 0.0479235126732
5.52533025076e-06 0.0478909227292
6.02763300083e-06 0.0478583327852
6.5299357509e-06 0.0477931528971
7.03223850097e-06 0.0477605629531
7.53454125104e-06 0.0477279730091
8.03684400111e-06 0.0476953830651
8.53914675117e-06 0.0476302031771
9.04144950124e-06 0.047597613233
9.54375225131e-06 0.047565023289
1.00460550014e-05 0.047532433345
1.05483577515e-05 0.047499843401
1.10506605015e-05 0.047467253457
1.15529632516e-05 0.047402073569
1.20552660017e-05 0.0473694836249
1.25575687517e-05 0.0473368936809
1.30598715018e-05 0.0473043037369
1.35621742519e-05 0.0472717137929
1.40644770019e-05 0.0472391238489
1.4566779752e-05 0.0472065339049
1.50690825021e-05 0.0471739439609
1.55713852521e-05 0.0471413540168
1.60736880022e-05 0.0471087640728
1.65759907523e-05 0.0470761741288
1.70782935023e-05 0.0470435841848
1.75805962524e-05 0.0469784042968
1.80828990025e-05 0.0469458143528
1.85852017526e-05 0.0469132244087
1.90875045026e-05 0.0468806344647
1.95898072527e-05 0.0468480445207
2.00921100028e-05 0.0468154545767
2.05944127528e-05 0.0467828646327
2.10967155029e-05 0.0467502746887
2.1599018253e-05 0.0467502746887
2.2101321003e-05 0.0467176847447
2.26036237531e-05 0.0466850948006
2.31059265032e-05 0.0466525048566
2.36082292532e-05 0.0466199149126
2.41105320033e-05 0.0465873249686
2.46128347534e-05 0.0465547350246
