0.0 0.00344545141305
2.59260925505e-09 0.00344313825332
5.18521851009e-09 0.00344082509359
7.77782776514e-09 0.00343851193387
1.03704370202e-08 0.00343619877414
1.29630462752e-08 0.00343388561441
1.55556555303e-08 0.00343157245469
1.81482647853e-08 0.00342925929496
2.07408740404e-08 0.00342694613523
2.33334832954e-08 0.00342694613523
2.59260925505e-08 0.00342463297551
2.85187018055e-08 0.00342231981578
3.11113110605e-08 0.00342000665605
3.37039203156e-08 0.00341769349633
3.62965295706e-08 0.0034153803366
3.88891388257e-08 0.00341306717687
4.14817480807e-08 0.00341306717687
4.40743573358e-08 0.00341075401715
4.66669665908e-08 0.00340844085742
4.92595758459e-08 0.00340612769769
5.18521851009e-08 0.00340381453797
5.4444794356e-08 0.00340381453797
5.7037403611e-08 0.00340150137824
5.9630012866e-08 0.00339918821851
6.22226221211e-08 0.00339687505879
6.48152313761e-08 0.00339687505879
6.74078406312e-08 0.00339456189906
7.00004498862e-08 0.00339224873933
7.25930591413e-08 0.00338993557961
7.51856683963e-08 0.00338993557961
7.77782776514e-08 0.00338762241988
8.03708869064e-08 0.00338530926015
8.29634961614e-08 0.00338299610042
8.55561054165e-08 0.00338299610042
8.81487146715e-08 0.0033806829407
9.07413239266e-08 0.00337836978097
9.33339331816e-08 0.00337836978097
9.59265424367e-08 0.00337605662124
9.85191516917e-08 0.00337374346152
1.01111760947e-07 0.00337374346152
1.03704370202e-07 0.00337143030179
1.06296979457e-07 0.00336911714206
1.08889588712e-07 0.00336911714206
1.11482197967e-07 0.00336680398234
1.14074807222e-07 0.00336449082261
1.16667416477e-07 0.00336449082261
1.19260025732e-07 0.00336217766288
1.21852634987e-07 0.00336217766288
1.24445244242e-07 0.00335986450316
1.27037853497e-07 0.00335755134343
