1e-08 5.44395337983e-08
0.122448989388 0.243502019394
0.244897968776 0.389423273223
0.367346948163 0.514803886584
0.489795927551 0.62538653586
0.612244906939 0.731378729672
0.734693886327 0.826864681379
0.857142865714 0.921028681628
0.979591845102 1.00880371553
1.10204082449 1.09089366774
1.22448980388 1.1678527121
1.34693878327 1.25091353403
1.46938776265 1.33104602632
1.59183674204 1.39635261313
1.71428572143 1.4706782429
1.83673470082 1.54272408402
1.9591836802 1.61264235628
2.08163265959 1.68056621212
2.20408163898 1.74661311003
2.32653061837 1.8108874361
2.44897959776 1.87348257228
2.57142857714 1.93448254999
2.69387755653 2.01130220018
2.81632653592 2.06983761489
2.93877551531 2.12697401595
3.06122449469 2.18276973009
3.18367347408 2.23727841403
3.30612245347 2.31029571103
3.42857143286 2.36282420305
3.55102041224 2.41419371736
3.67346939163 2.46444423486
3.79591837102 2.53509694188
3.91836735041 2.58363029858
4.0408163298 2.63114093322
4.16326530918 2.67765984702
4.28571428857 2.74629432029
4.40816326796 2.79129380175
4.53061224735 2.83537652415
4.65306122673 2.90275691179
4.77551020612 2.94543481052
4.89795918551 2.9872593751
5.0204081649 3.05348737625
5.14285714429 3.09400308547
5.26530612367 3.1596183328
5.38775510306 3.19887646852
5.51020408245 3.23736565188
5.63265306184 3.30194807988
5.75510204122 3.33925318078
5.87755102061 3.37583251853
6.0 3.43943862366
