1e-06 1.01750932658
1.3433993326e-06 1.0178082659
1.80472176683e-06 1.01815475183
2.42446201708e-06 1.01855634671
3.25702065566e-06 1.01031222751
4.37547937507e-06 1.01084711868
5.87801607227e-06 1.01146708485
7.8965228685e-06 1.01218565728
1.06081835514e-05 1.00428560115
1.4251026703e-05 1.00524260907
1.91448197617e-05 1.00635183011
2.57191380906e-05 0.998875408921
3.45510729459e-05 1.0003525781
4.64158883361e-05 0.993274651416
6.23550734127e-05 0.98643422381
8.37677640068e-05 0.988693925447
0.00011253355826 0.982462025757
0.000151177507062 0.976592489586
0.00020309176209 0.971138640264
0.000272833337649 0.956684967755
0.000366524123708 0.950590428505
0.000492388263171 0.936289576457
0.000661474064123 0.922191995807
0.000888623816274 0.908763801636
0.00119377664171 0.895656494606
0.00160371874375 0.872905425754
0.00215443469003 0.860235698667
0.00289426612472 0.838292949246
0.00388815518031 0.815313184302
0.00522334507427 0.782022916467
0.0070170382867 0.757694076019
0.00942668455118 0.730793806983
0.0126638017347 0.691532131618
0.0170125427985 0.660024150507
0.0228546386413 0.625313953458
0.0307029062976 0.595201785041
0.041246263829 0.563190180175
0.0554102033001 0.52195354507
0.0744380301325 0.494453476573
0.1 0.463476861972
