0.0 1e-12
1e-12 0.541840233094
0.541840233095 0.148042874248
0.689883107343 0.100206520647
0.790089627989 0.0678272887575
0.857916916747 0.0459105961419
0.903827512888 0.0310757348069
0.934903247695 0.0210343880268
0.955937635722 0.0142376514156
0.970175287138 0.00963711031538
0.979812397453 0.00652311905384
0.986335516507 0.00441533621574
0.990750852723 0.0029886307052
0.993739483428 0.00202292941141
0.995762412839 0.00136927034726
0.997131683187 0.000926824867598
0.998058508054 0.000627344583132
0.998685852637 0.000424633865301
0.999110486503 0.000287424047977
0.999397910551 0.000194550152746
0.999592460703 0.000131686134824
0.999724146838 8.91350526337e-05
0.999813281891 6.03332888357e-05
0.99987361518 4.08380949378e-05
0.999914453275 2.76422855496e-05
0.99994209556 1.87103720576e-05
0.999960805932 1.26645831041e-05
0.999973470515 8.57233970064e-06
0.999982042855 5.80240244297e-06
0.999987845257 3.92750115896e-06
0.999991772759 2.65842735081e-06
0.999994431186 1.79942301559e-06
0.999996230609 1.21798445529e-06
0.999997448593 8.24423229351e-07
0.999998273017 5.58031474251e-07
0.999998831048 3.77717554567e-07
0.999999208766 2.55667570115e-07
0.999999464433 1.73054986785e-07
0.999999637488 1.17136594313e-07
0.999999754625 7.92868324329e-08
0.999999833912 5.36672747353e-08
0.999999887579 3.63260366232e-08
0.999999923905 2.45881861538e-08
0.999999948493 1.6643128431e-08
0.999999965136 1.12653176787e-08
0.999999976402 7.62521179531e-09
0.999999984027 5.16131526407e-09
0.999999989188 3.49356532592e-09
0.999999992682 2.36470698578e-09
0.999999995046 1.60061108812e-09
0.999999996647 1.08341358107e-09
0.99999999773 7.33335614456e-10
0.999999998464 4.96376495462e-10
0.99999999896 3.35984906563e-10
0.999999999296 2.27419749699e-10
0.999999999524 1.53934753833e-10
0.999999999678 1.04194541883e-10
0.999999999782 7.0526806617e-11
0.999999999852 4.77377026797e-11
0.9999999999 1.00000008274e-10
1.0 1.00000008274e-10
1.0000000001 4.7737813702e-11
1.00000000015 7.05266955947e-11
1.00000000022 1.04194430861e-10
1.00000000032 1.53934864855e-10
1.00000000048 2.27419638676e-10
1.0000000007 3.35985017585e-10
1.00000000104 4.96376495462e-10
1.00000000154 7.33335614456e-10
1.00000000227 1.08341358107e-09
1.00000000335 1.60061097709e-09
1.00000000495 2.3647070968e-09
1.00000000732 3.4935652149e-09
1.00000001081 5.16131537509e-09
1.00000001597 7.62521179531e-09
1.0000000236 1.12653175677e-08
1.00000003486 1.6643128653e-08
1.00000005151 2.45881859318e-08
1.00000007609 3.63260366232e-08
1.00000011242 5.36672748463e-08
1.00000016609 7.92868324329e-08
1.00000024538 1.17136594424e-07
1.00000036251 1.73054986563e-07
1.00000053557 2.55667570226e-07
1.00000079123 3.77717554567e-07
1.00000116895 5.5803147414e-07
1.00000172698 8.24423229462e-07
1.00000255141 1.21798445529e-06
1.00000376939 1.7994230157e-06
1.00000556881 2.6584273507e-06
1.00000822724 3.92750115896e-06
1.00001215474 5.80240244297e-06
1.00001795714 8.57233970053e-06
1.00002652948 1.26645831042e-05
1.00003919407 1.87103720577e-05
1.00005790444 2.76422855496e-05
1.00008554673 4.08380949377e-05
1.00012638482 6.03332888358e-05
1.00018671811 8.91350526335e-05
1.00027585316 0.000131686134824
1.0004075393 0.000194550152746
1.00060208945 0.000287424047977
1.0008895135 0.000424633865301
1.00131414736 0.000627344583132
1.00194149195 0.000926824867598
1.00286831681 0.00136927034726
1.00423758716 0.00202292941141
1.00626051657 0.0029886307052
1.00924914728 0.00441533621574
1.01366448349 0.00652311905384
1.02018760255 0.00963711031538
1.02982471286 0.0142376514156
1.04406236428 0.0210343880268
1.0650967523 0.0310757348069
1.09617248711 0.0459105961419
1.14208308325 0.0678272887575
1.20991037201 0.100206520647
1.31011689266 0.148042874248
1.45815976691 0.21871523404
1.67687500095 0.323124999054
2.0 0.323124999054
