0.0 1e-12
1e-12 0.371970855816
0.371970855817 0.13032678775
0.502297643567 0.103281750489
0.605579394056 0.0818490209749
0.687428415031 0.0648639493697
0.752292364401 0.0514035705951
0.803695934996 0.040736450611
0.844432385607 0.0322829404488
0.876715326056 0.0255836782143
0.90229900427 0.0202746274618
0.922573631732 0.016067295534
0.938640927266 0.0127330569335
0.951373984199 0.0100907298635
0.961464714063 0.00799673084877
0.969461444912 0.00633727244039
0.975798717352 0.00502218003122
0.980820897383 0.0039799917872
0.98480088917 0.00315407542694
0.987954964597 0.00249955083597
0.990454515433 0.00198085129107
0.992435366724 0.00156979077236
0.994005157497 0.00124403234109
0.995249189838 0.00098587435531
0.996235064193 0.000781288566509
0.99701635276 0.000619157827638
0.997635510587 0.000490671989785
0.998126182577 0.000388849160606
0.998515031738 0.000308156309819
0.998823188048 0.000244208605552
0.999067396653 0.000193531143531
0.999260927797 0.000153370121547
0.999414297918 0.000121543198444
0.999535841117 9.63209061784e-05
0.999632162023 7.63326709003e-05
0.999708494694 6.04923362743e-05
0.99976898703 4.79391419788e-05
0.999816926172 3.79909501799e-05
0.999854917122 3.01071783099e-05
0.9998850243 2.38594239282e-05
0.999908883724 1.89081854277e-05
0.99992779191 1.49844135903e-05
0.999942776323 1.18748915122e-05
0.999954651215 9.41064844329e-06
0.999964061863 7.45777795363e-06
0.999971519641 5.9101614881e-06
0.999977429803 4.68370190576e-06
0.999982113505 3.71175366132e-06
0.999985825258 2.94150129942e-06
0.99998876676 2.33108947534e-06
0.999991097849 1.8473485438e-06
0.999992945198 1.46399212819e-06
0.99999440919 1.16018872487e-06
0.999995569379 9.19429723356e-07
0.999996488808 7.28632332025e-07
0.999997217441 5.77428662329e-07
0.999997794869 4.57602339909e-07
0.999998252472 3.62642028628e-07
0.999998615114 2.87387605824e-07
0.999998902501 2.27749762938e-07
0.999999130251 1.80487792156e-07
0.999999310739 1.4303348872e-07
0.999999453772 1.13351593667e-07
0.999999567124 8.98291994123e-08
0.999999656953 7.11881044113e-08
0.999999728141 5.64153552762e-08
0.999999784557 4.47082042498e-08
0.999999829265 3.54304872108e-08
0.999999864695 2.80780553252e-08
0.999999892773 2.22513786285e-08
0.999999915025 1.76338369462e-08
0.999999932658 1.39745143235e-08
0.999999946633 1.10745634885e-08
0.999999957708 8.77640227159e-09
0.999999966484 6.95514867921e-09
0.999999973439 5.51183643172e-09
0.999999978951 4.36803604398e-09
0.999999983319 3.46159390041e-09
0.999999986781 2.74325395733e-09
0.999999989524 2.17398177238e-09
0.999999991698 1.72284342348e-09
0.999999993421 1.365323965e-09
0.999999994786 1.08199593729e-09
0.999999995868 8.57463211545e-10
0.999999996725 6.79524991831e-10
0.999999997405 5.38511901738e-10
0.999999997943 4.26761403993e-10
0.99999999837 3.38201244787e-10
0.999999998708 2.68018607308e-10
0.999999998976 2.12400208532e-10
0.999999999189 1.68323466276e-10
0.999999999357 1.33393518453e-10
0.999999999491 1.05712105736e-10
0.999999999596 8.37749869476e-11
0.99999999968 6.63903376719e-11
0.999999999746 5.26131360701e-11
0.999999999799 4.16949808013e-11
0.999999999841 3.30425686812e-11
0.999999999874 2.61857202588e-11
0.9999999999 1.00000008274e-10
1.0 1.00000008274e-10
1.0000000001 2.61857202588e-11
1.00000000013 3.30424576589e-11
1.00000000016 4.16950918236e-11
1.0000000002 5.26132470924e-11
1.00000000025 6.63902266496e-11
1.00000000032 8.37749869476e-11
1.0000000004 1.05712105736e-10
1.00000000051 1.33393518453e-10
1.00000000064 1.68323577299e-10
1.00000000081 2.1240009751e-10
1.00000000102 2.6801871833e-10
1.00000000129 3.38201022743e-10
1.00000000163 4.26761515016e-10
1.00000000206 5.38511901738e-10
1.0000000026 6.79524880809e-10
1.00000000327 8.5746343359e-10
1.00000000413 1.08199582627e-09
1.00000000521 1.36532385397e-09
1.00000000658 1.72284342348e-09
1.0000000083 2.1739818834e-09
1.00000001048 2.74325406835e-09
1.00000001322 3.46159390041e-09
1.00000001668 4.36803593296e-09
1.00000002105 5.51183632069e-09
1.00000002656 6.95514867921e-09
1.00000003352 8.77640227159e-09
1.00000004229 1.10745637105e-08
1.00000005337 1.39745142125e-08
1.00000006734 1.76338370572e-08
1.00000008498 2.22513785175e-08
1.00000010723 2.80780552142e-08
1.0000001353 3.54304874328e-08
1.00000017074 4.47082042498e-08
1.00000021544 5.64153552762e-08
1.00000027186 7.11881043003e-08
1.00000034305 8.98291994123e-08
1.00000043288 1.13351593667e-07
1.00000054623 1.43033488609e-07
1.00000068926 1.80487792267e-07
1.00000086975 2.27749762827e-07
1.0000010975 2.87387605935e-07
1.00000138489 3.62642028628e-07
1.00000174753 4.5760234002e-07
1.00000220513 5.77428662218e-07
1.00000278256 7.28632332025e-07
1.00000351119 9.19429723245e-07
1.00000443062 1.16018872509e-06
1.00000559081 1.46399212819e-06
1.0000070548 1.84734854369e-06
1.00000890215 2.33108947523e-06
1.00001123324 2.94150129965e-06
1.00001417474 3.71175366132e-06
1.0000178865 4.68370190565e-06
1.0000225702 5.91016148799e-06
1.00002848036 7.45777795363e-06
1.00003593814 9.4106484434e-06
1.00004534879 1.18748915121e-05
1.00005722368 1.49844135904e-05
1.00007220809 1.89081854278e-05
1.00009111628 2.38594239281e-05
1.0001149757 3.01071783098e-05
1.00014508288 3.799095018e-05
1.00018307383 4.79391419788e-05
1.00023101297 6.04923362741e-05
1.00029150531 7.63326709003e-05
1.00036783798 9.63209061786e-05
1.00046415888 0.000121543198444
1.00058570208 0.000153370121547
1.0007390722 0.000193531143531
1.00093260335 0.000244208605552
1.00117681195 0.00030815630982
1.00148496826 0.000388849160606
1.00187381742 0.000490671989785
1.00236448941 0.000619157827638
1.00298364724 0.000781288566509
1.00376493581 0.00098587435531
1.00475081016 0.00124403234109
1.0059948425 0.00156979077236
1.00756463328 0.00198085129107
1.00954548457 0.00249955083597
1.0120450354 0.00315407542694
1.01519911083 0.0039799917872
1.01917910262 0.00502218003122
1.02420128265 0.00633727244039
1.03053855509 0.00799673084877
1.03853528594 0.0100907298635
1.0486260158 0.0127330569335
1.06135907273 0.016067295534
1.07742636827 0.0202746274618
1.09770099573 0.0255836782143
1.12328467394 0.0322829404488
1.15556761439 0.040736450611
1.196304065 0.0514035705951
1.2477076356 0.0648639493697
1.31257158497 0.0818490209749
1.39442060594 0.103281750489
1.49770235643 0.13032678775
1.62802914418 0.16445375417
1.79248289835 0.207517101646
2.0 0.207517101646
