0.0 1e-12
1e-12 0.206590333419
0.20659033342 0.086691539187
0.293281872607 0.0772192283706
0.370501100978 0.0687819052016
0.439283006179 0.061266482235
0.500549488414 0.0545722284728
0.555121716887 0.0486094192426
0.60373113613 0.0432981335971
0.647029269727 0.0385671831139
0.685596452841 0.0343531577408
0.719949610582 0.0305995758953
0.750549186477 0.0272561274291
0.777805313906 0.0242779993086
0.802083313215 0.0216252749758
0.82370858819 0.0192623993367
0.842970987527 0.0171577022082
0.860128689735 0.0152829738352
0.87541166357 0.0136130867883
0.889024750359 0.012125659175
0.901150409534 0.0108007546498
0.911951164184 0.00962061520306
0.921571779387 0.00856942314552
0.930141202532 0.00763308910055
0.937774291633 0.00679906316067
0.944573354793 0.00605616667824
0.950629521472 0.00539444243536
0.956023963907 0.00480502118493
0.960828985092 0.00428000277402
0.965108987866 0.00381235025625
0.968921338122 0.0033957955739
0.972317133696 0.00302475554569
0.975341889242 0.00269425703406
0.978036146276 0.00239987028899
0.980436016565 0.00213764957507
0.98257366614 0.00190408028583
0.984477746426 0.00169603183662
0.986173778262 0.00151071570472
0.987684493967 0.001345648054
0.989030142021 0.00119861644358
0.990228758465 0.00106765017386
0.991296408639 0.000950993872856
0.992247402511 0.000847083968467
0.99309448648 0.000754527731582
0.993849014211 0.000672084608987
0.99452109882 0.000598649595939
0.995119748416 0.000533238425529
0.995652986842 0.000474974376312
0.996127961218 0.000423076521407
0.99655103774 0.000376849261544
0.996927887001 0.000335673001787
0.997263560003 0.000298995846952
0.99756255585 0.000266326204428
0.997828882054 0.000237226195239
0.99806610825 0.000211305785056
0.998277414035 0.000188217556469
0.998465631591 0.000167652052468
0.998633283644 0.000149333628722
0.998782617272 0.00013301675905
0.998915634031 0.000118482744574
0.999034116776 0.000105536782447
0.999139653558 9.40053548677e-05
0.999233658913 8.37339033735e-05
0.999317392817 7.45847572623e-05
0.999391977574 6.6435288357e-05
0.999458412862 5.91762673914e-05
0.99951758913 5.27103999844e-05
0.99957029953 4.69510225805e-05
0.999617250552 4.1820940877e-05
0.999659071493 3.72513951711e-05
0.999696322888 3.31811387573e-05
0.999729504027 2.95556170223e-05
0.999759059644 2.63262362381e-05
0.99978538588 2.34497122473e-05
0.999808835592 2.08874903159e-05
0.999829723083 1.86052283755e-05
0.999848328311 1.65723367274e-05
0.999864900648 1.4761568042e-05
0.999879662216 1.31486521572e-05
0.999892810868 1.17119707784e-05
0.999904522839 1.04322677241e-05
0.999914955107 9.29239083025e-06
0.999924247497 8.27706205664e-06
0.999932524559 7.37267271034e-06
0.999939897232 6.56710104663e-06
0.999946464333 5.84954979699e-06
0.999952313883 5.21040145174e-06
0.999957524284 4.64108935405e-06
0.999962165374 4.13398287868e-06
0.999966299357 3.6822851569e-06
0.999969981642 3.27994197735e-06
0.999973261584 2.92156063864e-06
0.999976183144 2.60233767069e-06
0.999978785482 2.31799445216e-06
0.999981103477 2.06471986364e-06
0.999983168196 1.83911920548e-06
0.999985007316 1.63816869847e-06
0.999986645484 1.45917495564e-06
0.999988104659 1.29973888097e-06
0.999989404398 1.15772351494e-06
0.999990562122 1.03122539219e-06
0.999991593347 9.18549027951e-07
0.999992511896 8.18184194618e-07
0.99999333008 7.28785678028e-07
0.999994058866 6.49155249e-07
0.999994708021 5.78225601844e-07
0.999995286247 5.15046049698e-07
0.999995801293 4.58769781941e-07
0.999996260063 4.08642514604e-07
0.999996668705 3.63992379682e-07
0.999997032698 3.24220921222e-07
0.999997356919 2.88795072634e-07
0.999997645714 2.57240013068e-07
0.999997902954 2.29132802287e-07
0.999998132086 2.04096712975e-07
0.999998336183 1.81796180221e-07
0.999998517979 1.61932305009e-07
0.999998679912 1.44238846755e-07
0.99999882415 1.28478656047e-07
0.999998952629 1.14440495413e-07
0.99999906707 1.01936207697e-07
0.999999169006 9.07981951848e-08
0.999999259804 8.08771726257e-08
0.999999340681 7.20401657217e-08
0.999999412721 6.41687305514e-08
0.99999947689 5.7157363953e-08
0.999999534047 5.09120910985e-08
0.99999958496 4.53492050578e-08
0.999999630309 4.03941452509e-08
0.999999670703 3.59804975814e-08
0.999999706683 3.20491053696e-08
0.999999738732 2.85472746553e-08
0.99999976728 2.54280698719e-08
0.999999792708 2.26496836842e-08
0.999999815358 2.01748765472e-08
0.999999835532 1.79704778835e-08
0.999999853503 1.60069421051e-08
0.99999986951 1.4257950931e-08
0.999999883768 1.27000624461e-08
0.999999896468 1.13123961309e-08
0.99999990778 1.00763524191e-08
0.999999917857 8.97536445166e-09
0.999999926832 7.99467536616e-09
0.999999934827 7.12114089918e-09
0.999999941948 6.34305263869e-09
0.999999948291 5.64998203778e-09
0.999999953941 5.03263941631e-09
0.999999958973 4.48275028209e-09
0.999999963456 3.99294475262e-09
0.999999967449 3.55665741303e-09
0.999999971006 3.16804094069e-09
0.999999974174 2.82188639122e-09
0.999999976996 2.51355436465e-09
0.999999979509 2.23891194473e-09
0.999999981748 1.99427829806e-09
0.999999983742 1.77637438092e-09
0.999999985519 1.58227964064e-09
0.999999987101 1.40939260262e-09
0.99999998851 1.25539600937e-09
0.999999989766 1.11822573423e-09
0.999999990884 9.96043247881e-10
0.99999999188 8.87211082379e-10
0.999999992767 7.90270404671e-10
0.999999993558 7.03921920753e-10
0.999999994262 6.27008112097e-10
0.999999994889 5.58498469694e-10
0.999999995447 4.97474283989e-10
0.999999995945 4.4311809777e-10
0.999999996388 3.947009386e-10
0.999999996782 3.51574103163e-10
0.999999997134 3.13159498333e-10
0.999999997447 2.78942313692e-10
0.999999997726 2.48463805086e-10
0.999999997974 2.21315632487e-10
0.999999998196 1.97133531721e-10
0.999999998393 1.75593872775e-10
0.999999998569 1.56407664598e-10
0.999999998725 1.39317890557e-10
0.999999998864 1.24095400622e-10
0.999999998988 1.105361358e-10
0.999999999099 9.84584636043e-11
0.999999999197 8.7700513518e-11
0.999999999285 7.81178455256e-11
0.999999999363 6.95824509123e-11
0.999999999433 6.19795326173e-11
0.999999999495 5.52072831894e-11
0.99999999955 4.91751084297e-11
0.999999999599 4.38020730797e-11
0.999999999643 3.90160126429e-11
0.999999999682 3.47529782729e-11
0.999999999717 3.09556824618e-11
0.999999999748 2.7573276995e-11
0.999999999775 2.45605757954e-11
0.9999999998 2.18769447002e-11
0.999999999822 1.94866345282e-11
0.999999999841 1.73573377893e-11
0.999999999859 1.54608548186e-11
0.999999999874 1.37715394644e-11
0.999999999888 1.22667431768e-11
0.9999999999 1.00000008274e-10
1.0 1.00000008274e-10
1.0000000001 1.22668541991e-11
1.00000000011 1.37714284421e-11
1.00000000013 1.54607437963e-11
1.00000000014 1.73574488116e-11
1.00000000016 1.94866345282e-11
1.00000000018 2.18769447002e-11
1.0000000002 2.45605757954e-11
1.00000000022 2.7573276995e-11
1.00000000025 3.09556824618e-11
1.00000000028 3.47528672506e-11
1.00000000032 3.90161236652e-11
1.00000000036 4.38020730797e-11
1.0000000004 4.91751084297e-11
1.00000000045 5.52073942117e-11
1.00000000051 6.19795326173e-11
1.00000000057 6.958233989e-11
1.00000000064 7.81179565479e-11
1.00000000071 8.77002914734e-11
1.0000000008 9.84585746266e-11
1.0000000009 1.10536024778e-10
1.00000000101 1.24095400622e-10
1.00000000114 1.39317890557e-10
1.00000000128 1.5640777562e-10
1.00000000143 1.75593761753e-10
1.00000000161 1.97133642743e-10
1.0000000018 2.21315632487e-10
1.00000000203 2.48463694064e-10
1.00000000227 2.78942424714e-10
1.00000000255 3.13159498333e-10
1.00000000287 3.51574103163e-10
1.00000000322 3.947009386e-10
1.00000000361 4.43117986748e-10
1.00000000406 4.97474506034e-10
1.00000000455 5.58498358671e-10
1.00000000511 6.2700822312e-10
1.00000000574 7.0392180973e-10
1.00000000644 7.90270293649e-10
1.00000000723 8.87211193401e-10
1.00000000812 9.96043247881e-10
1.00000000912 1.11822573423e-09
1.00000001023 1.25539600937e-09
1.00000001149 1.40939260262e-09
1.0000000129 1.58227964064e-09
1.00000001448 1.77637438092e-09
1.00000001626 1.99427829806e-09
1.00000001825 2.23891194473e-09
1.00000002049 2.51355425362e-09
1.000000023 2.82188650225e-09
1.00000002583 3.16804094069e-09
1.00000002899 3.55665741303e-09
1.00000003255 3.9929446416e-09
1.00000003654 4.48275039311e-09
1.00000004103 5.03263941631e-09
1.00000004606 5.64998203778e-09
1.00000005171 6.34305274971e-09
1.00000005805 7.12114078816e-09
1.00000006517 7.99467536616e-09
1.00000007317 8.97536445166e-09
1.00000008214 1.00763524191e-08
1.00000009222 1.13123961309e-08
1.00000010353 1.27000625572e-08
1.00000011623 1.425795082e-08
1.00000013049 1.60069419941e-08
1.0000001465 1.79704779946e-08
1.00000016447 2.01748764361e-08
1.00000018464 2.26496836842e-08
1.00000020729 2.5428070094e-08
1.00000023272 2.85472745443e-08
1.00000026127 3.20491053696e-08
1.00000029332 3.59804976924e-08
1.0000003293 4.03941451399e-08
1.00000036969 4.53492050578e-08
1.00000041504 5.09120912096e-08
1.00000046595 5.71573637309e-08
1.00000052311 6.41687305514e-08
1.00000058728 7.20401658327e-08
1.00000065932 8.08771725147e-08
1.0000007402 9.07981954068e-08
1.00000083099 1.01936207697e-07
1.00000093293 1.14440495302e-07
1.00000104737 1.28478655936e-07
1.00000117585 1.44238846866e-07
1.00000132009 1.61932304898e-07
1.00000148202 1.81796180332e-07
1.00000166382 2.04096713086e-07
1.00000186791 2.29132802287e-07
1.00000209705 2.57240012846e-07
1.00000235429 2.88795072745e-07
1.00000264308 3.24220921222e-07
1.0000029673 3.63992379793e-07
1.00000333129 4.08642514493e-07
1.00000373994 4.58769781941e-07
1.00000419871 5.15046049587e-07
1.00000471375 5.78225601844e-07
1.00000529198 6.49155249111e-07
1.00000594113 7.28785678028e-07
1.00000666992 8.18184194618e-07
1.0000074881 9.18549027951e-07
1.00000840665 1.03122539219e-06
1.00000943788 1.15772351506e-06
1.0000105956 1.29973888097e-06
1.00001189534 1.45917495553e-06
1.00001335452 1.63816869847e-06
1.00001499268 1.83911920559e-06
1.0000168318 2.06471986353e-06
1.00001889652 2.31799445216e-06
1.00002121452 2.60233767069e-06
1.00002381686 2.92156063852e-06
1.00002673842 3.27994197735e-06
1.00003001836 3.68228515701e-06
1.00003370064 4.13398287868e-06
1.00003783463 4.64108935394e-06
1.00004247572 5.21040145185e-06
1.00004768612 5.84954979699e-06
1.00005353567 6.56710104652e-06
1.00006010277 7.37267271056e-06
1.00006747544 8.27706205642e-06
1.0000757525 9.29239083036e-06
1.00008504489 1.04322677241e-05
1.00009547716 1.17119707783e-05
1.00010718913 1.31486521573e-05
1.00012033778 1.47615680421e-05
1.00013509935 1.65723367271e-05
1.00015167169 1.86052283755e-05
1.00017027692 2.0887490316e-05
1.00019116441 2.34497122473e-05
1.00021461412 2.63262362381e-05
1.00024094036 2.95556170224e-05
1.00027049597 3.31811387571e-05
1.00030367711 3.72513951712e-05
1.00034092851 4.1820940877e-05
1.00038274945 4.69510225805e-05
1.00042970047 5.27103999843e-05
1.00048241087 5.91762673916e-05
1.00054158714 6.64352883568e-05
1.00060802243 7.45847572623e-05
1.00068260718 8.37339033737e-05
1.00076634109 9.40053548677e-05
1.00086034644 0.000105536782447
1.00096588322 0.000118482744574
1.00108436597 0.00013301675905
1.00121738273 0.000149333628722
1.00136671636 0.000167652052468
1.00153436841 0.000188217556469
1.00172258597 0.000211305785056
1.00193389175 0.000237226195239
1.00217111795 0.000266326204428
1.00243744415 0.000298995846952
1.00273644 0.000335673001787
1.003072113 0.000376849261544
1.00344896226 0.000423076521407
1.00387203878 0.000474974376313
1.00434701316 0.000533238425529
1.00488025158 0.00059864959594
1.00547890118 0.000672084608986
1.00615098579 0.000754527731582
1.00690551352 0.000847083968467
1.00775259749 0.000950993872856
1.00870359136 0.00106765017386
1.00977124154 0.00119861644358
1.01096985798 0.001345648054
1.01231550603 0.00151071570472
1.01382622174 0.00169603183662
1.01552225357 0.00190408028583
1.01742633386 0.00213764957507
1.01956398344 0.00239987028899
1.02196385372 0.00269425703406
1.02465811076 0.00302475554569
1.0276828663 0.0033957955739
1.03107866188 0.00381235025625
1.03489101213 0.00428000277402
1.03917101491 0.00480502118493
1.04397603609 0.00539444243536
1.04937047853 0.00605616667824
1.05542664521 0.00679906316067
1.06222570837 0.00763308910055
1.06985879747 0.00856942314552
1.07842822061 0.00962061520306
1.08804883582 0.0108007546498
1.09884959047 0.012125659175
1.11097524964 0.0136130867883
1.12458833643 0.0152829738352
1.13987131026 0.0171577022082
1.15702901247 0.0192623993367
1.17629141181 0.0216252749758
1.19791668679 0.0242779993086
1.22219468609 0.0272561274291
1.24945081352 0.0305995758953
1.28005038942 0.0343531577408
1.31440354716 0.0385671831139
1.35297073027 0.0432981335971
1.39626886387 0.0486094192426
1.44487828311 0.0545722284728
1.49945051159 0.061266482235
1.56071699382 0.0687819052016
1.62949889902 0.0772192283706
1.70671812739 0.086691539187
1.79340966658 0.0973257972813
1.89073546386 0.109264536139
2.0 0.109264536139
