0.0 1e-12
1e-12 0.0881574803843
0.0881574803853 0.0411200346907
0.129277515076 0.0392657043468
0.168543219423 0.037494996039
0.206038215462 0.035804138786
0.241842354248 0.0341895316611
0.276031885909 0.0326477361233
0.308679622032 0.0311754686943
0.339855090727 0.0297695939664
0.369624684693 0.0284271179244
0.398051802617 0.0271451815702
0.425196984187 0.0259210548336
0.451118039021 0.0247521307584
0.475870169779 0.0236359199505
0.49950608973 0.0225700452765
0.522076135006 0.0215522368011
0.543628371808 0.0205803269528
0.56420869876 0.019652245908
0.583860944668 0.0187660171831
0.602626961851 0.0179197534249
0.620546715276 0.0171116523914
0.637658367668 0.0163399931138
0.653998360781 0.0156031322313
0.669601493013 0.0148995004914
0.684500993504 0.0142275994077
0.698728592912 0.0135859980691
0.712314590981 0.012973330092
0.725287921073 0.0123882907108
0.737676211784 0.0118296339989
0.749505845783 0.0112961702154
0.760802015998 0.0107867632716
0.77158877927 0.0103003283112
0.781889107581 0.0098358294001
0.791724936981 0.00939227732017
0.801117214301 0.00896872746269
0.810085941764 0.00856427781654
0.81865021958 0.00817806704731
0.826828286628 0.00780927266292
0.834637559291 0.007457109262
0.842094668553 0.00712082686131
0.849215495414 0.0067997092985
0.856015204712 0.00649307270696
0.862508277419 0.0062002640594
0.868708541479 0.00592065977715
0.874629201256 0.0056536644022
0.880282865658 0.00539870932898
0.885681574987 0.00515525159355
0.890836826581 0.00492277271721
0.895759599298 0.00470077760231
0.9004603769 0.00448879347795
0.904949170378 0.00428636889304
0.909235539271 0.00409307275496
0.913328612026 0.00390849341143
0.917237105438 0.00373223777385
0.920969343211 0.00356393048017
0.924533273692 0.00340321309551
0.927936486787 0.00324974334877
0.931186230136 0.00310319440379
0.93428942454 0.00296325416325
0.937252678703 0.00282962460401
0.940082303307 0.00270202114247
0.942784324449 0.00258017202848
0.945364496478 0.00246381776661
0.947828314244 0.00235271056349
0.950181024808 0.00224661380017
0.952427638608 0.00214530152814
0.954572940136 0.00204855798815
0.956621498124 0.00195617715075
0.958577675275 0.00186796227749
0.960445637553 0.00178372550195
0.962229363055 0.00170328742965
0.963932650484 0.001626476756
0.96555912724 0.00155312990148
0.967112257142 0.00148309066329
0.968595347805 0.00141620988266
0.970011557688 0.00135234512723
0.971363902815 0.00129136038771
0.972655263203 0.0012331257882
0.973888388991 0.00117751730966
0.9750659063 0.00112441652572
0.976190322826 0.00107371035053
0.977264033177 0.0010252907979
0.978289323975 0.00097905475136
0.979268378726 0.000934903744499
0.98020328247 0.000892743751321
0.981096026222 0.000852484985981
0.981948511208 0.000814041711575
0.982762552919 0.000777332057551
0.983539884977 0.000742277845354
0.984282162822 0.000708804421934
0.984990967244 0.000676840500762
0.985667807745 0.000646318010011
0.986314125755 0.000617171947592
0.986931297703 0.00058934024272
0.987520637945 0.000562763623728
0.988083401569 0.000537385491832
0.988620787061 0.000513151800607
0.989133938861 0.000490010940877
0.989623949802 0.00046791363081
0.990091863433 0.000446812810968
0.990538676244 0.00042666354408
0.990965339788 0.000407422919349
0.991372762708 0.000389049961062
0.991761812669 0.000371505541328
0.99213331821 0.000354752296751
0.992488070507 0.000338754548855
0.992826825056 0.000323478228108
0.993150303284 0.000308890801359
0.993459194085 0.000294961202559
0.993754155288 0.000281659766597
0.994035815054 0.00026895816613
0.99430477322 0.000256829351248
0.994561602572 0.000245247491874
0.994806850063 0.000234187922753
0.995041037986 0.00022362709092
0.995264665077 0.000213542505546
0.995478207583 0.000203912690039
0.995682120273 0.000194717136302
0.995876837409 0.000185936261066
0.99606277367 0.000177551364178
0.996240325034 0.000169544588778
0.996409869623 0.000161898883273
0.996571768506 0.000154597965019
0.996726366471 0.000147626285647
0.996873992757 0.00014096899795
0.997014961755 0.000134611924265
0.997149573679 0.000128541526278
0.997278115205 0.000122744876192
0.997400860082 0.000117209629197
0.997518069711 0.000111923997177
0.997629993708 0.00010687672361
0.997736870432 0.000102057059591
0.997838927491 9.74547409445e-05
0.997936382232 9.30599663621e-05
0.998029442198 8.88633765312e-05
0.998118305575 8.48560342028e-05
0.998203161609 8.10294051578e-05
0.998284191014 7.73753400319e-05
0.998361566354 7.38860569619e-05
0.998435452411 7.05541250109e-05
0.998506006536 6.73724483445e-05
0.998573378985 6.43342511191e-05
0.998637713236 6.14330630511e-05
0.998699146299 5.86627056379e-05
0.998757809005 5.60172790002e-05
0.998813826284 5.34911493163e-05
0.998867317433 5.10789368254e-05
0.99891839637 4.87755043697e-05
0.998967171874 4.65759464542e-05
0.999013747821 4.44755787999e-05
0.999058223399 4.24699283682e-05
0.999100693328 4.05547238342e-05
0.999141248052 3.87258864911e-05
0.999179973938 3.69795215632e-05
0.99921695346 3.53119099124e-05
0.999252265369 3.37195001164e-05
0.99928598487 3.21989009069e-05
0.999318183771 3.07468739463e-05
0.999348930644 2.93603269318e-05
0.999378290971 2.80363070094e-05
0.999406327278 2.67719944862e-05
0.999433099273 2.55646968242e-05
0.99945866397 2.44118429074e-05
0.999483075813 2.33109775654e-05
0.99950638679 2.22597563451e-05
0.999528646547 2.12559405179e-05
0.999549902487 2.02973923117e-05
0.999570199879 1.93820703586e-05
0.99958958195 1.85080253472e-05
0.999608089975 1.76733958711e-05
0.999625763371 1.68764044657e-05
0.999642639775 1.61153538213e-05
0.999658755129 1.538862317e-05
0.999674143752 1.46946648328e-05
0.999688838417 1.40320009248e-05
0.999702870418 1.3399220206e-05
0.999716269638 1.27949750784e-05
0.999729064613 1.22179787136e-05
0.999741282592 1.16670023138e-05
0.999752949594 1.11408724949e-05
0.999764090467 1.06384687862e-05
0.999774728936 1.01587212464e-05
0.999784887657 9.70060818284e-06
0.999794588265 9.26315397742e-06
0.999803851419 8.8454270073e-06
0.999812696846 8.4465376623e-06
0.999821143384 8.06563644939e-06
0.99982920902 7.70191218402e-06
0.999836910932 7.35459026224e-06
0.999844265523 7.02293101174e-06
0.999851288454 6.7062281156e-06
0.999857994682 6.40380710881e-06
0.999864398489 6.11502394188e-06
0.999870513513 5.83926360931e-06
0.999876352776 5.57593883876e-06
0.999881928715 5.32448884205e-06
0.999887253204 5.08437811997e-06
0.999892337582 4.85509532144e-06
0.999897192678 4.63615215562e-06
0.99990182883 4.42708235082e-06
0.999906255912 4.22744066286e-06
0.999910483353 4.0368019254e-06
0.999914520155 3.85476014553e-06
0.999918374915 3.68092763881e-06
0.999922055842 3.51493420359e-06
0.999925570777 3.35642633276e-06
0.999928927203 3.20506646045e-06
0.999932132269 3.06053224419e-06
0.999935192802 2.92251587686e-06
0.999938115318 2.79072343279e-06
0.999940906041 2.66487424083e-06
0.999943570915 2.54470028649e-06
0.999946115616 2.42994564215e-06
0.999948545561 2.32036592096e-06
0.999950865927 2.21572775694e-06
0.999953081655 2.11580830778e-06
0.999955197463 2.02039478059e-06
0.999957217858 1.92928397846e-06
0.999959147142 1.84228186728e-06
0.999960989424 1.75920316392e-06
0.999962748627 1.6798709398e-06
0.999964428498 1.6041162455e-06
0.999966032614 1.53177775042e-06
0.999967564392 1.462701399e-06
0.999969027093 1.39674008337e-06
0.999970423833 1.33375332911e-06
0.999971757587 1.27360699687e-06
0.999973031194 1.2161729962e-06
0.999974247367 1.16132901307e-06
0.999975408696 1.10895824912e-06
0.999976517654 1.05894917335e-06
0.999977576603 1.01119528406e-06
0.999978587798 9.65594882385e-07
0.999979553393 9.22050855667e-07
0.999980475444 8.80470470421e-07
0.999981355915 8.40765175369e-07
0.99998219668 8.02850412263e-07
0.99998299953 7.66645435912e-07
0.999983766176 7.32073142773e-07
0.999984498249 6.99059905962e-07
0.999985197309 6.67535419052e-07
0.999985864844 6.37432545969e-07
0.999986502277 6.08687178438e-07
0.999987110964 5.81238098873e-07
0.999987692202 5.55026850479e-07
0.999988247229 5.29997612464e-07
0.999988777226 5.06097081798e-07
0.999989283324 4.8327435842e-07
0.999989766598 4.6148083821e-07
0.999990228079 4.40670108626e-07
0.999990668749 4.20797850231e-07
0.999991089547 4.01821742213e-07
0.999991491368 3.83701372009e-07
0.99999187507 3.6639814982e-07
0.999992241468 3.49875225902e-07
0.999992591343 3.34097412069e-07
0.999992925441 3.19031107532e-07
0.999993244472 3.04644226068e-07
0.999993549116 2.90906128853e-07
0.999993840022 2.77787558733e-07
0.99999411781 2.65260577503e-07
0.99999438307 2.53298507391e-07
0.999994636369 2.41875873441e-07
0.999994878245 2.30968349224e-07
0.999995109213 2.20552705765e-07
0.999995329766 2.10606761475e-07
0.999995540372 2.01109334963e-07
0.999995741482 1.92040200075e-07
0.999995933522 1.83380042706e-07
0.999996116902 1.75110419942e-07
0.999996292012 1.67213720204e-07
0.999996459226 1.59673126499e-07
0.999996618899 1.52472579895e-07
0.999996771372 1.45596745993e-07
0.999996916969 1.39030981505e-07
0.999997056 1.32761303617e-07
0.999997188761 1.26774360454e-07
0.999997315535 1.21057401659e-07
0.999997436593 1.15598252304e-07
0.999997552191 1.10385286134e-07
0.999997662576 1.05407401585e-07
0.999997767984 1.0065399747e-07
0.999997868638 9.61149506651e-08
0.999997964752 9.17805946798e-08
0.999998056533 8.76416987872e-08
0.999998144175 8.36894485934e-08
0.999998227864 7.99154274977e-08
0.99999830778 7.63115977076e-08
0.999998384091 7.28702846953e-08
0.999998456962 6.95841595455e-08
0.999998526546 6.64462240785e-08
0.999998592992 6.34497954177e-08
0.999998656442 6.05884923344e-08
0.99999871703 5.78562212583e-08
0.999998774886 5.52471635107e-08
0.999998830134 5.27557625363e-08
0.999998882889 5.03767128013e-08
0.999998933266 4.81049474699e-08
0.999998981371 4.59356287452e-08
0.999999027307 4.38641365452e-08
0.999999071171 4.18860593987e-08
0.999999113057 3.99971847864e-08
0.999999153054 3.81934899263e-08
0.999999191248 3.64711337797e-08
0.999999227719 3.48264480587e-08
0.999999262545 3.32559304539e-08
0.999999295801 3.17562361962e-08
0.999999327557 3.03241715072e-08
0.999999357881 2.8956686382e-08
0.999999386838 2.76508689279e-08
0.999999414489 2.6403937925e-08
0.999999440893 2.52132379419e-08
0.999999466106 2.40762332293e-08
0.999999490182 2.29905025018e-08
0.999999513173 2.19537331647e-08
0.999999535127 2.09637176507e-08
0.99999955609 2.00183474242e-08
0.999999576109 1.91156090956e-08
0.999999595224 1.82535803139e-08
0.999999613478 1.74304252143e-08
0.999999630908 1.66443907545e-08
0.999999647553 1.58938028294e-08
0.999999663447 1.51770630508e-08
0.999999678624 1.44926453061e-08
0.999999693116 1.38390914284e-08
0.999999706955 1.32150101972e-08
0.99999972017 1.26190720096e-08
0.999999732789 1.20500081024e-08
0.999999744839 1.15066065565e-08
0.999999756346 1.09877097421e-08
0.999999767334 1.04922129873e-08
0.999999777826 1.00190610253e-08
0.999999787845 9.56724588441e-09
0.999999797412 9.13580588957e-09
0.999999806548 8.72382166506e-09
0.999999815272 8.33041613468e-09
0.999999823602 7.95475152415e-09
0.999999831557 7.59602769573e-09
0.999999839153 7.25348070496e-09
0.999999846407 6.92638102429e-09
0.999999853333 6.61403209978e-09
0.999999859947 6.31576868582e-09
0.999999866263 6.03095562379e-09
0.999999872294 5.7589865099e-09
0.999999878053 5.49928180771e-09
0.999999883552 5.25128873718e-09
0.999999888803 5.01447905421e-09
0.999999893818 4.78834827344e-09
0.999999898606 4.57241522422e-09
0.999999903178 4.36621960809e-09
0.999999907545 4.16932255387e-09
0.999999911714 3.98130473034e-09
0.999999915695 3.80176556902e-09
0.999999919497 3.63032293116e-09
0.999999923127 3.46661144235e-09
0.999999926594 3.31028282563e-09
0.999999929904 3.16100379205e-09
0.999999933065 3.01845659578e-09
0.999999936084 2.88233759083e-09
0.999999938966 2.75235711999e-09
0.999999941718 2.62823807162e-09
0.999999944347 2.50971621263e-09
0.999999946856 2.3965390783e-09
0.999999949253 2.28846597228e-09
0.999999951541 2.18526641227e-09
0.999999953727 2.08672046309e-09
0.999999955813 1.9926188477e-09
0.999999957806 1.90276050471e-09
0.999999959709 1.81695447576e-09
0.999999961526 1.73501790712e-09
0.999999963261 1.65677638275e-09
0.999999964918 1.58206314715e-09
0.9999999665 1.51071921639e-09
0.99999996801 1.44259237889e-09
0.999999969453 1.37753797258e-09
0.99999997083 1.31541710857e-09
0.999999972146 1.25609767032e-09
0.999999973402 1.19945331445e-09
0.999999974601 1.14536324869e-09
0.999999975747 1.09371245394e-09
0.99999997684 1.04439101811e-09
0.999999977885 9.97293470029e-10
0.999999978882 9.52320111658e-10
0.999999979834 9.09374686664e-10
0.999999980744 8.68365934714e-10
0.999999981612 8.29206481257e-10
0.999999982441 7.91812948542e-10
0.999999983233 7.56105733579e-10
0.999999983989 7.22008675069e-10
0.999999984711 6.89449386471e-10
0.999999985401 6.583582568e-10
0.999999986059 6.28669227787e-10
0.999999986688 6.00319127741e-10
0.999999987288 5.73247338487e-10
0.999999987861 5.4739635047e-10
0.999999988409 5.22711318673e-10
0.999999988932 4.99139396481e-10
0.999999989431 4.76630401813e-10
0.999999989907 4.55136484057e-10
0.999999990362 4.34611791e-10
0.999999990797 4.15012801902e-10
0.999999991212 3.96297550331e-10
0.999999991608 3.78426401326e-10
0.999999991987 3.6136094117e-10
0.999999992348 3.45065198637e-10
0.999999992693 3.29504312724e-10
0.999999993023 3.14645087762e-10
0.999999993337 3.00455993418e-10
0.999999993638 2.86906831626e-10
0.999999993925 2.73968625564e-10
0.999999994199 2.61613841701e-10
0.99999999446 2.49816167752e-10
0.99999999471 2.38550623699e-10
0.999999994949 2.2779300668e-10
0.999999995176 2.17520557122e-10
0.999999995394 2.07711403633e-10
0.999999995602 1.98344562996e-10
0.9999999958 1.89400051198e-10
0.999999995989 1.80858994447e-10
0.99999999617 1.72702963042e-10
0.999999996343 1.64914970568e-10
0.999999996508 1.57477919593e-10
0.999999996665 1.50376378016e-10
0.999999996816 1.43595135782e-10
0.999999996959 1.37119648969e-10
0.999999997096 1.30936150811e-10
0.999999997227 1.25031429654e-10
0.999999997352 1.19393162024e-10
0.999999997472 1.14009024443e-10
0.999999997586 1.08867692639e-10
0.999999997695 1.03958286424e-10
0.999999997799 9.927025868e-11
0.999999997898 9.47935063778e-11
0.999999997993 9.0518814666e-11
0.999999998083 8.64368576714e-11
0.99999999817 8.25388646319e-11
0.999999998252 7.88168419419e-11
0.999999998331 7.52624629285e-11
0.999999998406 7.18685111423e-11
0.999999998478 6.86274370665e-11
0.999999998547 6.55328014076e-11
0.999999998612 6.25774987384e-11
0.999999998675 5.97555338544e-11
0.999999998735 5.7060800529e-11
0.999999998792 5.44876366249e-11
0.999999998846 5.20304910268e-11
0.999999998898 4.96841456865e-11
0.999999998948 4.74436046005e-11
0.999999998995 4.53040938098e-11
0.999999999041 4.32610613998e-11
0.999999999084 4.13102885233e-11
0.999999999125 3.9447334288e-11
0.999999999165 3.76683129133e-11
0.999999999202 3.59697827079e-11
0.999999999238 3.43476358466e-11
0.999999999273 3.2798763705e-11
0.999999999305 3.13196135693e-11
0.999999999337 2.99072988597e-11
0.999999999367 2.85585999293e-11
0.999999999395 2.72707412208e-11
0.999999999423 2.60409471764e-11
0.999999999449 2.48666642833e-11
0.999999999473 2.37452280061e-11
0.999999999497 2.26744178988e-11
0.99999999952 2.16519024931e-11
0.999999999542 2.0675461343e-11
0.999999999562 1.97432070692e-11
0.999999999582 1.88528082035e-11
0.999999999601 1.80025994112e-11
0.999999999619 1.71908043356e-11
0.999999999636 1.64155355975e-11
0.999999999652 1.5675349907e-11
0.999999999668 1.49683598849e-11
0.999999999683 1.42934553082e-11
0.999999999697 1.36488598201e-11
0.999999999711 1.3033241153e-11
0.999999999724 1.2445600106e-11
0.999999999736 1.18843823671e-11
0.999999999748 1.13483666908e-11
0.99999999976 1.08366648988e-11
0.999999999771 1.03479447233e-11
0.999999999781 9.88142900837e-12
0.999999999791 9.43567446399e-12
0.9999999998 9.01023700095e-12
0.999999999809 8.60389537394e-12
0.999999999818 8.21587242683e-12
0.999999999826 7.84539100351e-12
0.999999999834 7.49156292557e-12
0.999999999841 7.15372205917e-12
0.999999999849 6.83120227052e-12
0.999999999855 6.52311538119e-12
0.999999999862 6.22890627966e-12
0.999999999868 5.94801985443e-12
0.999999999874 5.67990099398e-12
0.99999999988 5.4236615199e-12
0.999999999885 5.17907938757e-12
0.99999999989 4.94548846319e-12
0.999999999895 4.72255567985e-12
0.9999999999 1.00000008274e-10
1.0 1.00000008274e-10
1.0000000001 4.72244465755e-12
1.0000000001 4.9455994855e-12
1.00000000011 5.17919040988e-12
1.00000000011 5.4236615199e-12
1.00000000012 5.67967894938e-12
1.00000000013 5.94813087673e-12
1.00000000013 6.22901730196e-12
1.00000000014 6.52300435888e-12
1.00000000014 6.83120227052e-12
1.00000000015 7.15361103687e-12
1.00000000016 7.49178497017e-12
1.00000000017 7.84527998121e-12
1.00000000017 8.21587242683e-12
1.00000000018 8.60400639624e-12
1.00000000019 9.01012597865e-12
1.0000000002 9.43578548629e-12
1.00000000021 9.88120696377e-12
1.00000000022 1.03479447233e-11
1.00000000023 1.08366648988e-11
1.00000000024 1.13484777131e-11
1.00000000025 1.18842713448e-11
1.00000000026 1.2445600106e-11
1.00000000028 1.30333521753e-11
1.00000000029 1.36488598201e-11
1.0000000003 1.42934553082e-11
1.00000000032 1.49684709072e-11
1.00000000033 1.56752388847e-11
1.00000000035 1.64155355975e-11
1.00000000036 1.71906933133e-11
1.00000000038 1.80027104335e-11
1.0000000004 1.88529192258e-11
1.00000000042 1.97430960469e-11
1.00000000044 2.0675461343e-11
1.00000000046 2.16520135154e-11
1.00000000048 2.26743068765e-11
1.0000000005 2.37452280061e-11
1.00000000053 2.48665532609e-11
1.00000000055 2.60409471764e-11
1.00000000058 2.72708522431e-11
1.0000000006 2.8558488907e-11
1.00000000063 2.9907409882e-11
1.00000000066 3.13196135693e-11
1.00000000069 3.27986526827e-11
1.00000000073 3.43476358466e-11
1.00000000076 3.59698937302e-11
1.0000000008 3.76683129133e-11
1.00000000084 3.9447334288e-11
1.00000000087 4.13102885233e-11
1.00000000092 4.32609503775e-11
1.00000000096 4.53042048321e-11
1.000000001 4.74436046005e-11
1.00000000105 4.96842567088e-11
1.0000000011 5.20303800045e-11
1.00000000115 5.44877476472e-11
1.00000000121 5.7060800529e-11
1.00000000127 5.97555338544e-11
1.00000000133 6.25774987384e-11
1.00000000139 6.55326903853e-11
1.00000000145 6.86275480888e-11
1.00000000152 7.18685111423e-11
1.00000000159 7.52624629285e-11
1.00000000167 7.88167309196e-11
1.00000000175 8.25388646319e-11
1.00000000183 8.64368576714e-11
1.00000000192 9.05187036437e-11
1.00000000201 9.47937284224e-11
1.0000000021 9.92701476576e-11
1.0000000022 1.03958175401e-10
1.00000000231 1.08867803661e-10
1.00000000241 1.14009024443e-10
1.00000000253 1.19393162024e-10
1.00000000265 1.25031540676e-10
1.00000000277 1.30936150811e-10
1.0000000029 1.37119426924e-10
1.00000000304 1.43595135782e-10
1.00000000318 1.50376378016e-10
1.00000000333 1.57478030616e-10
1.00000000349 1.64914970568e-10
1.00000000366 1.72702963042e-10
1.00000000383 1.8085910547e-10
1.00000000401 1.89400051198e-10
1.0000000042 1.98344451974e-10
1.0000000044 2.07711403633e-10
1.00000000461 2.175204461e-10
1.00000000482 2.27793117702e-10
1.00000000505 2.38550512677e-10
1.00000000529 2.49816389797e-10
1.00000000554 2.61613841701e-10
1.0000000058 2.73968403519e-10
1.00000000608 2.86906942648e-10
1.00000000636 3.00455882396e-10
1.00000000666 3.14645198785e-10
1.00000000698 3.29504423746e-10
1.00000000731 3.45065087615e-10
1.00000000765 3.6136094117e-10
1.00000000801 3.78426401326e-10
1.00000000839 3.96297439309e-10
1.00000000879 4.15012912924e-10
1.0000000092 4.34611902023e-10
1.00000000964 4.55136373034e-10
1.00000001009 4.76630512836e-10
1.00000001057 4.99139174437e-10
1.00000001107 5.22711429696e-10
1.00000001159 5.4739635047e-10
1.00000001214 5.73247449509e-10
1.00000001271 6.00318905697e-10
1.00000001331 6.28669338809e-10
1.00000001394 6.583582568e-10
1.0000000146 6.89449386471e-10
1.00000001529 7.22008675069e-10
1.00000001601 7.56105844602e-10
1.00000001677 7.9181283752e-10
1.00000001756 8.29206481257e-10
1.00000001839 8.68366045736e-10
1.00000001926 9.09374575642e-10
1.00000002017 9.52320000636e-10
1.00000002112 9.97293581051e-10
1.00000002212 1.04439101811e-09
1.00000002316 1.09371245394e-09
1.00000002425 1.14536335971e-09
1.0000000254 1.19945320343e-09
1.0000000266 1.25609767032e-09
1.00000002785 1.31541710857e-09
1.00000002917 1.37753786156e-09
1.00000003055 1.44259248991e-09
1.00000003199 1.51071910537e-09
1.0000000335 1.58206314715e-09
1.00000003508 1.65677649377e-09
1.00000003674 1.73501790712e-09
1.00000003847 1.81695458679e-09
1.00000004029 1.90276039369e-09
1.00000004219 1.99261873668e-09
1.00000004419 2.08672057411e-09
1.00000004627 2.18526641227e-09
1.00000004846 2.28846586126e-09
1.00000005075 2.39653918932e-09
1.00000005314 2.50971621263e-09
1.00000005565 2.62823807162e-09
1.00000005828 2.75235700897e-09
1.00000006103 2.88233770185e-09
1.00000006392 3.01845659578e-09
1.00000006693 3.16100390307e-09
1.0000000701 3.31028271461e-09
1.00000007341 3.46661144235e-09
1.00000007687 3.63032293116e-09
1.0000000805 3.80176556902e-09
1.0000000843 3.98130484136e-09
1.00000008829 4.16932244285e-09
1.00000009246 4.36621960809e-09
1.00000009682 4.5724151132e-09
1.00000010139 4.78834838447e-09
1.00000010618 5.01447905421e-09
1.0000001112 5.25128873718e-09
1.00000011645 5.49928191873e-09
1.00000012195 5.75898639887e-09
1.00000012771 6.03095573481e-09
1.00000013374 6.31576857479e-09
1.00000014005 6.61403221081e-09
1.00000014667 6.92638102429e-09
1.00000015359 7.25348070496e-09
1.00000016085 7.59602758471e-09
1.00000016844 7.95475152415e-09
1.0000001764 8.33041613468e-09
1.00000018473 8.72382166506e-09
1.00000019345 9.13580588957e-09
1.00000020259 9.56724588441e-09
1.00000021216 1.00190609142e-08
1.00000022217 1.04922130983e-08
1.00000023267 1.09877098531e-08
1.00000024365 1.15066063344e-08
1.00000025516 1.20500081024e-08
1.00000026721 1.26190722316e-08
1.00000027983 1.32150099752e-08
1.00000029304 1.38390916504e-08
1.00000030688 1.4492645084e-08
1.00000032138 1.51770631618e-08
1.00000033655 1.58938029404e-08
1.00000035245 1.66443905325e-08
1.00000036909 1.74304253253e-08
1.00000038652 1.82535802029e-08
1.00000040478 1.91156093177e-08
1.00000042389 2.00183472021e-08
1.00000044391 2.09637178727e-08
1.00000046487 2.19537330537e-08
1.00000048683 2.29905023907e-08
1.00000050982 2.40762334514e-08
1.00000053389 2.52132379419e-08
1.00000055911 2.6403937925e-08
1.00000058551 2.76508687058e-08
1.00000061316 2.89566866041e-08
1.00000064212 3.03241713961e-08
1.00000067244 3.17562360852e-08
1.0000007042 3.32559304539e-08
1.00000073745 3.48264481698e-08
1.00000077228 3.64711338907e-08
1.00000080875 3.81934899263e-08
1.00000084695 3.99971846754e-08
1.00000088694 4.18860595097e-08
1.00000092883 4.38641365452e-08
1.00000097269 4.59356286342e-08
1.00000101863 4.81049473589e-08
1.00000106673 5.03767128013e-08
1.00000111711 5.27557626473e-08
1.00000116987 5.52471635107e-08
1.00000122511 5.78562213693e-08
1.00000128297 6.05884922233e-08
1.00000134356 6.34497954177e-08
1.00000140701 6.64462240785e-08
1.00000147345 6.95841595455e-08
1.00000154304 7.28702846953e-08
1.00000161591 7.63115977076e-08
1.00000169222 7.99154273867e-08
1.00000177214 8.36894487044e-08
1.00000185583 8.76416987872e-08
1.00000194347 9.17805946798e-08
1.00000203525 9.61149506651e-08
1.00000213136 1.00653997359e-07
1.00000223202 1.05407401696e-07
1.00000233742 1.10385286245e-07
1.00000244781 1.15598252082e-07
1.00000256341 1.21057401659e-07
1.00000268446 1.26774360565e-07
1.00000281124 1.32761303728e-07
1.000002944 1.39030981394e-07
1.00000308303 1.45596745993e-07
1.00000322863 1.52472579895e-07
1.0000033811 1.59673126499e-07
1.00000354077 1.67213720204e-07
1.00000370799 1.75110419942e-07
1.0000038831 1.83380042706e-07
1.00000406648 1.92040199964e-07
1.00000425852 2.01109334963e-07
1.00000445963 2.10606761586e-07
1.00000467023 2.20552705876e-07
1.00000489079 2.30968349113e-07
1.00000512176 2.4187587333e-07
1.00000536363 2.53298507502e-07
1.00000561693 2.65260577503e-07
1.00000588219 2.77787558733e-07
1.00000615998 2.90906128964e-07
1.00000645088 3.04644226068e-07
1.00000675553 3.1903110731e-07
1.00000707456 3.3409741218e-07
1.00000740866 3.49875225902e-07
1.00000775853 3.6639814982e-07
1.00000812493 3.83701372009e-07
1.00000850863 4.01821742102e-07
1.00000891045 4.20797850342e-07
1.00000933125 4.40670108626e-07
1.00000977192 4.6148083821e-07
1.0000102334 4.83274358309e-07
1.00001071668 5.06097081798e-07
1.00001122277 5.29997612686e-07
1.00001175277 5.55026850257e-07
1.0000123078 5.81238098984e-07
1.00001288904 6.08687178438e-07
1.00001349772 6.37432545858e-07
1.00001413516 6.67535419163e-07
1.00001480269 6.99059905962e-07
1.00001550175 7.32073142773e-07
1.00001623382 7.66645436023e-07
1.00001700047 8.02850412152e-07
1.00001780332 8.4076517548e-07
1.00001864409 8.8047047031e-07
1.00001952456 9.22050855667e-07
1.00002044661 9.65594882274e-07
1.0000214122 1.01119528417e-06
1.0000224234 1.05894917324e-06
1.00002348235 1.10895824923e-06
1.0000245913 1.16132901296e-06
1.00002575263 1.21617299631e-06
1.00002696881 1.27360699675e-06
1.00002824241 1.33375332911e-06
1.00002957617 1.39674008359e-06
1.00003097291 1.46270139889e-06
1.00003243561 1.53177775042e-06
1.00003396739 1.60411624539e-06
1.0000355715 1.67987093991e-06
1.00003725137 1.75920316381e-06
1.00003901058 1.8422818675e-06
1.00004085286 1.92928397835e-06
1.00004278214 2.02039478059e-06
1.00004480254 2.11580830789e-06
1.00004691835 2.21572775683e-06
1.00004913407 2.32036592096e-06
1.00005145444 2.42994564204e-06
1.00005388438 2.54470028671e-06
1.00005642908 2.66487424061e-06
1.00005909396 2.79072343301e-06
1.00006188468 2.92251587686e-06
1.0000648072 3.06053224408e-06
1.00006786773 3.20506646045e-06
1.0000710728 3.35642633265e-06
1.00007442922 3.5149342037e-06
1.00007794416 3.68092763892e-06
1.00008162509 3.85476014553e-06
1.00008547985 4.03680192518e-06
1.00008951665 4.22744066286e-06
1.00009374409 4.42708235093e-06
1.00009817117 4.63615215551e-06
1.00010280732 4.85509532155e-06
1.00010766242 5.08437811986e-06
1.0001127468 5.32448884227e-06
1.00011807128 5.57593883865e-06
1.00012364722 5.83926360931e-06
1.00012948649 6.11502394188e-06
1.00013560151 6.40380710881e-06
1.00014200532 6.70622811549e-06
1.00014871155 7.02293101185e-06
1.00015573448 7.35459026235e-06
1.00016308907 7.70191218402e-06
1.00017079098 8.06563644939e-06
1.00017885662 8.44653766219e-06
1.00018730315 8.8454270073e-06
1.00019614858 9.26315397742e-06
1.00020541173 9.70060818295e-06
1.00021511234 1.01587212462e-05
1.00022527106 1.06384687864e-05
1.00023590953 1.11408724948e-05
1.00024705041 1.1667002314e-05
1.00025871741 1.22179787136e-05
1.00027093539 1.27949750783e-05
1.00028373036 1.3399220206e-05
1.00029712958 1.40320009248e-05
1.00031116158 1.46946648329e-05
1.00032585625 1.538862317e-05
1.00034124487 1.61153538212e-05
1.00035736022 1.68764044657e-05
1.00037423663 1.76733958712e-05
1.00039191002 1.8508025347e-05
1.00041041805 1.93820703587e-05
1.00042980012 2.02973923118e-05
1.00045009751 2.12559405177e-05
1.00047135345 2.22597563453e-05
1.00049361321 2.33109775654e-05
1.00051692419 2.44118429074e-05
1.00054133603 2.55646968241e-05
1.00056690073 2.67719944862e-05
1.00059367272 2.80363070095e-05
1.00062170903 2.93603269317e-05
1.00065106936 3.07468739462e-05
1.00068181623 3.21989009069e-05
1.00071401513 3.37195001165e-05
1.00074773463 3.53119099124e-05
1.00078304654 3.69795215633e-05
1.00082002606 3.87258864911e-05
1.00085875195 4.05547238342e-05
1.00089930667 4.24699283681e-05
1.0009417766 4.44755787998e-05
1.00098625218 4.65759464543e-05
1.00103282813 4.87755043697e-05
1.00108160363 5.10789368253e-05
1.00113268257 5.34911493164e-05
1.00118617372 5.60172790001e-05
1.001242191 5.8662705638e-05
1.0013008537 6.14330630511e-05
1.00136228676 6.43342511191e-05
1.00142662102 6.73724483446e-05
1.00149399346 7.05541250108e-05
1.00156454759 7.38860569618e-05
1.00163843365 7.7375340032e-05
1.00171580899 8.10294051579e-05
1.00179683839 8.48560342028e-05
1.00188169442 8.88633765312e-05
1.0019705578 9.3059966362e-05
1.00206361777 9.74547409445e-05
1.00216107251 0.000102057059591
1.00226312957 0.00010687672361
1.00237000629 0.000111923997177
1.00248193029 0.000117209629197
1.00259913992 0.000122744876192
1.00272188479 0.000128541526278
1.00285042632 0.000134611924265
1.00298503825 0.00014096899795
1.00312600724 0.000147626285647
1.00327363353 0.000154597965019
1.00342823149 0.000161898883273
1.00359013038 0.000169544588778
1.00375967497 0.000177551364178
1.00393722633 0.000185936261066
1.00412316259 0.000194717136302
1.00431787973 0.000203912690039
1.00452179242 0.000213542505547
1.00473533492 0.00022362709092
1.00495896201 0.000234187922753
1.00519314994 0.000245247491875
1.00543839743 0.000256829351248
1.00569522678 0.00026895816613
1.00596418495 0.000281659766597
1.00624584471 0.000294961202559
1.00654080591 0.000308890801359
1.00684969672 0.000323478228108
1.00717317494 0.000338754548855
1.00751192949 0.000354752296751
1.00786668179 0.000371505541328
1.00823818733 0.000389049961062
1.00862723729 0.000407422919349
1.00903466021 0.00042666354408
1.00946132376 0.000446812810968
1.00990813657 0.00046791363081
1.0103760502 0.000490010940877
1.01086606114 0.000513151800607
1.01137921294 0.000537385491832
1.01191659843 0.000562763623727
1.01247936205 0.00058934024272
1.0130687023 0.000617171947592
1.01368587425 0.00064631801001
1.01433219226 0.000676840500762
1.01500903276 0.000708804421934
1.01571783718 0.000742277845354
1.01646011502 0.000777332057551
1.01723744708 0.000814041711575
1.01805148879 0.000852484985981
1.01890397378 0.000892743751321
1.01979671753 0.000934903744499
1.02073162127 0.00097905475136
1.02171067603 0.0010252907979
1.02273596682 0.00107371035053
1.02380967717 0.00112441652572
1.0249340937 0.00117751730966
1.02611161101 0.0012331257882
1.0273447368 0.00129136038771
1.02863609719 0.00135234512723
1.02998844231 0.00141620988266
1.03140465219 0.00148309066329
1.03288774286 0.00155312990148
1.03444087276 0.001626476756
1.03606734952 0.00170328742965
1.03777063695 0.00178372550195
1.03955436245 0.00186796227749
1.04142232472 0.00195617715075
1.04337850188 0.00204855798815
1.04542705986 0.00214530152814
1.04757236139 0.00224661380017
1.04981897519 0.00235271056349
1.05217168576 0.0024638177666
1.05463550352 0.00258017202848
1.05721567555 0.00270202114247
1.05991769669 0.00282962460401
1.0627473213 0.00296325416325
1.06571057546 0.00310319440379
1.06881376986 0.00324974334877
1.07206351321 0.00340321309551
1.07546672631 0.00356393048017
1.07903065679 0.00373223777385
1.08276289456 0.00390849341143
1.08667138797 0.00409307275496
1.09076446073 0.00428636889304
1.09505082962 0.00448879347795
1.0995396231 0.00470077760231
1.1042404007 0.00492277271721
1.10916317342 0.00515525159355
1.11431842501 0.00539870932898
1.11971713434 0.0056536644022
1.12537079874 0.00592065977715
1.13129145852 0.0062002640594
1.13749172258 0.00649307270696
1.14398479529 0.0067997092985
1.15078450459 0.00712082686131
1.15790533145 0.007457109262
1.16536244071 0.00780927266292
1.17317171337 0.00817806704731
1.18134978042 0.00856427781654
1.18991405824 0.00896872746269
1.1988827857 0.00939227732017
1.20827506302 0.0098358294001
1.21811089242 0.0103003283112
1.22841122073 0.0107867632716
1.239197984 0.0112961702154
1.25049415422 0.0118296339989
1.26232378822 0.0123882907108
1.27471207893 0.012973330092
1.28768540902 0.0135859980691
1.30127140709 0.0142275994077
1.3154990065 0.0148995004914
1.33039850699 0.0156031322313
1.34600163922 0.0163399931138
1.36234163233 0.0171116523914
1.37945328472 0.0179197534249
1.39737303815 0.0187660171831
1.41613905533 0.019652245908
1.43579130124 0.0205803269528
1.45637162819 0.0215522368011
1.47792386499 0.0225700452765
1.50049391027 0.0236359199505
1.52412983022 0.0247521307584
1.54888196098 0.0259210548336
1.57480301581 0.0271451815702
1.60194819738 0.0284271179244
1.63037531531 0.0297695939664
1.66014490927 0.0311754686943
1.69132037797 0.0326477361233
1.72396811409 0.0341895316611
1.75815764575 0.035804138786
1.79396178454 0.037494996039
1.83145678058 0.0392657043468
1.87072248492 0.0411200346907
1.91184251961 0.0430619361372
1.95490445575 0.0450955442482
2.0 0.0450955442482
